tree
version=v4
num_class=1
num_tree_per_iteration=1
label_index=0
max_feature_idx=40
objective=binary sigmoid:1
feature_names=Column_0 Column_1 Column_2 Column_3 Column_4 Column_5 Column_6 Column_7 Column_8 Column_9 Column_10 Column_11 Column_12 Column_13 Column_14 Column_15 Column_16 Column_17 Column_18 Column_19 Column_20 Column_21 Column_22 Column_23 Column_24 Column_25 Column_26 Column_27 Column_28 Column_29 Column_30 Column_31 Column_32 Column_33 Column_34 Column_35 Column_36 Column_37 Column_38 Column_39 Column_40
feature_infos=[30:298] [0.10000000000000001:0.99333333333333329] [-0.0025010000000000002:0.0025100000000000001] [-0.0022390000000000001:0.0029039999999999999] [0.00016200000000000001:0.0036440000000000001] [-0.0035543215954388792:0.0021612352769147] [0.050000000000000003:0.95999999999999996] [0.040000000000000001:0.94999999999999996] [0:0.18999999999999995] [0:10.350550673984042] [0:10.388794732807256] [0.050000000000000003:0.95999999999999996] [0.040000000000000001:0.94999999999999996] [0:0.040000000000000036] [0:10.388794732807256] [0:10.350550673984042] [-1:1] [-1:1] [0.044999999999999998:0.95499999999999996] [4.9199809258281251:12.792533431843621] [0.89000000000000001:18.091000000000001] [0.001:3.5990000000000002] [0.001:3.5990000000000002] [0:1] [0.050000000000000003:0.59999999999999998] [0.040000000000000001:0.58999999999999997] [0:0.039999999999999994] [-0.039999999999999994:0] [0:10.388794732807256] [0:10.350550673984042] [0.050000000000000003:0.94999999999999996] [0.027199999999999998:0.70999999999999996] [0.027199999999999998:0.70999999999999996] [-0.71999999999999997:-0.037199999999999997] [0.064399999999999999:1.4299999999999999] [6:100] [0:0.71499999999999997] [0:1] [-0.0029388215981828399:0.001691061651382366] [-0.0012865834292411749:0.00076230461926900532] [0:4.2199999999999998]
tree_sizes=2419 3138 3387 3479 3461 3498 3485 3482 3468 3475 3485 3495 3499 3447 3487 3484 3485 3484 3479

Tree=0
num_leaves=22
num_cat=0
split_feature=24 6 4 4 5 3 24 34 5 5 36 36 0 30 2 7 28 10 0 0 0
split_gain=3312.49 598.321 453.941 604.427 206.523 197.523 93.1222 91.8042 77.5875 36.01 15.8407 12.7011 32.0971 3.40871 2.52122 1.20752 0.254138 0.207686 2.84217e-14 7.10543e-15 3.55271e-15
threshold=0.36500000000000005 0.77500000000000013 0.00076650000000000015 0.00067150000000000011 -0.00059512661828960004 -0.0004439999999999999 0.49250000000000005 0.79480000000000006 -0.00015524379154888026 0.00043641385486665221 0.046550000000000008 0.30025000000000007 214.50000000000003 0.29325000000000007 -0.00021049999999999999 0.78500000000000014 5.5527068694838455 6.8460338833448464 230.50000000000003 240.50000000000003 192.50000000000003
decision_type=2 2 2 2 2 2 2 2 2 2 2 2 2 2 2 2 2 2 2 2 2
left_child=1 2 3 4 17 -6 7 -2 -7 -3 16 12 -8 -14 -11 -16 -4 -1 -17 20 -18
right_child=6 9 10 -5 5 8 11 -9 -10 14 -12 -13 13 -15 15 18 19 -19 -20 -21 -22
leaf_value=-1.7340207557111273 -1.6142526977674347 -1.6713566879877204 -1.7280778538211126 -1.5154021721543454 -1.5435314229518224 -1.7163487964024844 -1.5608050805084421 -1.5354524983462667 -1.6253446951620776 -1.7198869397386276 -1.6882386124874571 -1.5114581936531559 -1.5151777782651321 -1.5282381619158276 -1.7221280536762009 -1.7340207557102485 -1.7340207557121654 -1.7282893978247 -1.7340207557119336 -1.7340207557080942 -1.7340207557054048
leaf_weight=17.433946751058105 23.272973828017712 9.2714689634740335 8.1468049287796003 36.920844055712223 16.702251240611076 16.438130758702755 22.959820836782455 31.070115752518177 17.311027996242046 13.702078290283678 8.7623323276638967 52.364340126514435 45.890399910509586 29.577528141438961 8.1420794501900655 122.73054002970457 12.988845966756349 8.4475029259920102 13.773275516927241 8.7594633102416974 9.83151702955365
leaf_count=134 117 62 63 73 46 123 82 79 87 102 73 127 109 92 63 942 100 64 106 67 76
internal_value=-1.63016 -1.6891 -1.64794 -1.61505 -1.66325 -1.62791 -1.53553 -1.5692 -1.66967 -1.72882 -1.72475 -1.5234 -1.52975 -1.5203 -1.73219 -1.73335 -1.7328 -1.73215 -1.73402 -1.73402 -1.73402
internal_weight=534.497 329.362 161.743 113.254 76.3329 50.4514 205.135 54.3431 33.7492 167.619 48.489 150.792 98.4277 75.4679 158.348 144.646 39.7266 25.8814 136.504 31.5798 22.8204
internal_count=2787 2181 906 527 454 256 606 196 210 1275 379 410 283 201 1213 1111 306 198 1048 243 176
is_linear=0
shrinkage=1


Tree=1
num_leaves=28
num_cat=0
split_feature=25 38 35 38 30 0 20 38 2 25 19 30 3 5 34 2 4 0 34 4 31 5 2 6 4 17 16
split_gain=2674.61 472.286 568.591 170.355 126.739 92.1993 87.3019 74.5732 64.1947 58.6909 44.0813 17.1469 28.8414 4.92794 10.6857 3.25326 1.90627 1.87513 0.766352 0.305993 0.401235 0.000466466 3.73186e-05 8.04082e-06 3.57172e-06 9.87673e-07 5.30203e-08
threshold=0.25500000000000006 -0.00042419462450338485 15.500000000000002 -0.00040172862410992348 0.70995000000000019 238.50000000000003 1.5665000000000002 -0.00058725763209809868 -8.3499999999999983e-05 0.22500000000000003 12.338564625822412 0.17940000000000003 -3.2999999999999996e-05 0.00059382900285471693 0.27370000000000005 -3.4499999999999992e-05 0.00097600000000000009 181.50000000000003 0.33310000000000001 0.0010065000000000002 0.14345000000000002 0.00043641385486665221 -0.00020699999999999996 0.81500000000000006 0.00057650000000000008 -0.43599021840383384 -0.088501531848285811
decision_type=2 2 2 2 2 2 2 2 2 2 2 2 2 2 2 2 2 2 2 2 2 2 2 2 2 2 2
left_child=1 2 6 11 5 8 -1 18 -5 13 -10 15 16 14 -3 -2 -13 21 -4 22 -21 -16 -15 -24 -20 -26 -27
right_child=3 9 7 4 -6 -7 -8 -9 10 -11 -12 12 -14 19 17 -17 -18 -19 24 20 -22 -23 23 -25 25 26 -28
leaf_value=0.15682201926670156 0.1554575597089875 0.0054776818183388315 -0.025085806801206655 0.10298363108180329 0.16822516605507815 0.12357399973269659 0.08190190012702174 0.047309142047991033 0.058570218987661973 0.031662788314310422 -0.018997351473693323 0.14937870120783281 0.11661082388569816 -0.035365694517919259 -0.035581471055248289 0.16754550979660993 0.16040009734568816 -0.018956131703568788 -0.035324846154096715 -0.02635752790029796 -0.035311054609104407 -0.035313587464896108 -0.0353257039988642 -0.035297191915543764 -0.035310382849106758 -0.035297191915378015 -0.0353005347994425
leaf_weight=27.447491690516472 36.199096981436014 9.2908694036304933 8.0245664082467538 16.444133944809437 20.404160603880882 30.977157685905695 28.567330099642277 13.30602130293846 16.804548447951678 14.148972172290085 10.851895637810228 28.909581020474434 26.051208958029747 8.3654816448688489 12.137895300984388 44.883228469640017 27.615638727322221 8.4338164776563627 9.2135069072246534 8.499592989683153 9.5836879611015302 11.293329447507857 9.8197618760168535 95.242924615740776 10.860717117786402 8.8010737895965558 8.2945082038641065
leaf_count=51 77 73 65 62 47 105 121 69 88 89 73 71 88 65 92 77 65 62 72 66 75 89 78 748 85 69 65
internal_value=0.0631013 0.00232702 0.0502978 0.13377 0.101925 0.0839069 0.118613 -0.0151148 0.0560438 -0.0270783 0.0281341 0.152349 0.142727 -0.0318917 -0.022832 0.162149 0.154763 -0.0310863 -0.0334935 -0.0347269 -0.0311027 -0.0354524 -0.0353047 -0.0352999 -0.0353086 -0.0353033 -0.0352988
internal_weight=560.472 301.332 114.515 259.141 95.4819 75.0777 56.0148 58.5004 44.1006 186.816 27.6564 163.659 82.5764 172.667 41.1559 81.0823 56.5252 31.865 45.1944 131.511 18.0833 23.4312 113.428 105.063 37.1698 27.9563 17.0956
internal_count=2787 2034 597 753 375 328 172 425 223 1437 161 378 224 1348 316 154 136 243 356 1032 141 181 891 826 291 219 134
is_linear=0
shrinkage=0.03


Tree=2
num_leaves=30
num_cat=0
split_feature=25 38 20 20 25 5 38 38 25 2 38 38 5 33 19 38 38 0 6 3 5 6 9 2 3 5 31 3 0
split_gain=2212.97 436.687 204.771 162.996 134.582 90.0893 89.3741 74.8794 56.3215 45.2872 11.205 37.8256 4.9444 10.3262 3.27891 3.27659 3.78566 1.91435 0.180629 0.0919487 0.000480886 0.000323771 0.000102521 1.30601e-05 1.57543e-06 6.68087e-07 1.27569e-06 7.80178e-08 2.84217e-14
threshold=0.25500000000000006 -0.00042419462450338485 1.5975000000000004 2.2220000000000004 0.48250000000000004 -0.00059512661828960004 -0.00035964032097392625 -0.00013453948580466549 0.22500000000000003 -0.00010249999999999998 -0.00040382335475524448 -0.00032533500243153393 0.00059382900285471693 -0.15614999999999998 12.094112515452329 -0.00057856175070353569 -0.00043526588478549319 179.50000000000003 0.81500000000000006 -0.00032649999999999991 0.00043641385486665221 0.19500000000000003 6.2689446853132891 -0.00016849999999999995 -8.6499999999999988e-05 0.00086834774429375662 0.14445000000000002 0.00017400000000000003 209.50000000000003
decision_type=2 2 2 2 2 2 2 2 2 2 2 2 2 2 2 2 2 2 2 2 2 2 2 2 2 2 2 2 2
left_child=1 2 9 5 6 14 -2 -8 12 -1 15 -12 13 17 21 -6 -17 20 -14 -20 -3 22 -4 -21 -25 27 -27 -26 -29
right_child=4 8 3 -5 10 -7 7 -9 -10 -11 11 -13 18 -15 -16 16 -18 -19 19 23 -22 -23 -24 24 25 26 -28 28 -30
leaf_value=0.065628708720346443 0.12056267562544745 -0.03540381200596774 -0.035144298432682901 0.096052927120698892 0.14383697407126919 0.053552713849113157 0.022188374465833053 0.095536980356946147 0.030056259495745478 0.12727373899348532 0.093170683128860343 0.14596229751579579 -0.030950691543890234 0.0050806797781321831 -0.014894514683726909 0.12864063981546023 0.14240257908477133 -0.018381171014680349 -0.031857442645648888 -0.035156484269714697 -0.035128697674432413 -0.035417840724840381 -0.035281533602763517 -0.035129071041839738 -0.035115986634137092 -0.035128847195211879 -0.035113447940236374 -0.0351134762322571 -0.035113476228115011
leaf_weight=19.718122974038124 46.807816609740257 12.039563339203601 8.6188681945204753 17.948028702288866 61.180706098675728 15.716234136372803 22.459942385554314 28.321689141914248 14.453285843133925 23.51829169690609 22.376542516052723 26.899135708808899 11.538233142346142 9.3813390973955375 9.0832864567637426 42.641886696219444 31.117659699171782 8.1964839249849302 8.3788942620158178 7.8847064971923819 10.890739396214483 12.324991375207899 11.352039180696009 8.1046504080295545 13.734470684081314 8.6031330078840274 11.073328137397764 49.145859628915787 9.8727188892662507
leaf_count=87 113 94 69 65 119 76 129 106 89 48 77 55 93 73 66 98 56 61 67 63 88 96 90 65 111 69 89 395 80
internal_value=0.0586989 0.00221719 0.0471569 0.017195 0.119143 -0.00759413 0.0906593 0.063096 -0.0267819 0.0991603 0.134233 0.121989 -0.0316473 -0.0225096 -0.0308183 0.138704 0.134447 -0.0308251 -0.0345316 -0.0348853 -0.0352731 -0.0352969 -0.0352223 -0.0351193 -0.0351164 -0.0351153 -0.0351202 -0.035114 -0.0351135
internal_weight=583.383 301.577 118.28 75.0434 281.805 57.0954 97.5894 50.7816 183.297 43.2364 184.216 49.2757 168.844 40.5081 41.3792 134.94 73.7595 31.1268 128.336 116.798 22.9303 32.2959 19.9709 108.419 100.534 92.4295 19.6765 72.753 59.0186
internal_count=2787 2034 597 462 753 397 348 235 1437 135 405 132 1348 316 321 273 154 243 1032 939 182 255 159 872 809 744 158 586 475
is_linear=0
shrinkage=0.03


Tree=3
num_leaves=31
num_cat=0
split_feature=24 30 35 24 24 31 0 24 6 29 5 20 19 5 34 22 5 4 10 3 5 5 20 2 6 3 5 2 3 33
split_gain=1865.15 375.177 435.918 102.843 79.2337 77.7677 72.8363 55.8765 47.1755 24.1835 23.1172 8.86189 15.062 5.19348 11.1279 2.73014 1.51406 0.317277 0.42028 0.0870337 0.00130555 0.000570924 8.19187e-05 3.74665e-05 2.06195e-05 1.7942e-07 1.16671e-11 4.94538e-12 7.10543e-13 1.42109e-14
threshold=0.26500000000000007 0.40325000000000005 15.500000000000002 0.48250000000000004 0.23500000000000001 0.39240000000000003 252.50000000000003 0.18500000000000003 0.68500000000000016 6.1835713873992786 -0.0005512712971388092 1.7875000000000003 11.691707325684721 0.00059382900285471693 0.31480000000000002 0.0065000000000000014 -6.4386819159031192e-05 0.0010065000000000002 6.6508995871979133 -0.00075299999999999987 -0.00065857952144759426 0.00043641385486665221 1.8735000000000002 -0.00020699999999999996 0.81500000000000006 -8.2999999999999985e-05 0.00086834774429375662 -1.8499999999999999e-05 0.00017400000000000003 -0.082899999999999988
decision_type=2 2 2 2 2 2 2 2 2 2 2 2 2 2 2 2 2 2 2 2 2 2 2 2 2 2 2 2 2 2
left_child=1 2 7 5 13 6 8 -1 -2 -6 19 12 -5 14 -3 -13 -17 23 -19 -4 22 -16 -21 -15 -25 -26 27 -27 -29 -30
right_child=3 4 10 11 9 -7 -8 -9 -10 -11 -12 15 -14 17 21 16 -18 18 -20 20 -22 -23 -24 24 25 26 -28 28 29 -31
leaf_value=0.11975591117362192 -9.5014039684426882e-05 -0.0023156184329496338 -0.031702826645526198 0.12160875957608561 0.054842833138857995 0.11265083363322551 0.10025952274272598 0.063320500752959044 0.075548538360987239 -0.0058551474760512772 0.012836659279303003 0.11824589221893712 0.09557856155604974 -0.035009404179986041 -0.035306295187101558 0.13129170398488116 0.12303641610407297 -0.034974676102996489 -0.025596384164104941 -0.035057135921806308 -0.035552012513093131 -0.035004313969953148 -0.035180272298034977 -0.034984180952501158 -0.034941830416612758 -0.034937011562519889 -0.034937002002792733 -0.034937028388410993 -0.034937037720633238 -0.03493703772585046
leaf_weight=37.692820176482201 19.602678027004007 15.706691661849616 8.0181168466806358 53.828334037214518 12.963781464844944 40.751274764537811 21.382665872573853 27.171679701656103 11.939739013090728 10.853636305779217 12.473003018647431 41.53296809643507 31.840816229581833 7.9697305187582961 10.233597163110973 45.947665710002184 35.399921640753746 9.1501101329922694 8.1145911961793882 11.708438605070116 8.5005603283643776 12.537869606167076 8.3159909322857839 9.3703486360609514 7.6499329730868331 8.1299661472439677 12.376944348216055 8.536483317613607 38.95118965208529 14.967692345380796
leaf_count=73 125 120 65 109 66 87 63 114 46 73 78 88 86 65 81 79 72 75 66 95 65 103 67 78 63 67 102 71 321 124
internal_value=0.0549498 0.00214235 0.0450923 0.107612 -0.0239421 0.0815003 0.0575149 0.0961152 0.0285383 0.0271827 -0.0224277 0.11934 0.111934 -0.0313807 -0.0217412 0.124504 0.127699 -0.0343429 -0.0305668 -0.0344643 -0.0352405 -0.03514 -0.0351083 -0.0349468 -0.0349418 -0.0349374 -0.034937 -0.034937 -0.034937 -0.034937
internal_weight=603.619 301.393 113.881 302.226 187.513 93.6764 52.9251 64.8645 31.5424 23.8174 49.0161 208.55 85.6692 163.695 38.4782 122.881 81.3476 125.217 17.2647 36.5431 28.525 22.7715 20.0244 107.952 99.9826 90.6122 82.9623 70.5853 62.4554 53.9189
internal_count=2787 2032 557 755 1475 321 234 187 171 139 370 434 195 1336 304 239 151 1032 141 292 227 184 162 891 826 748 685 583 516 445
is_linear=0
shrinkage=0.03


Tree=4
num_leaves=31
num_cat=0
split_feature=25 38 35 25 38 38 25 20 20 6 38 38 5 34 38 39 38 4 4 34 5 5 20 20 3 6 3 8 30 10
split_gain=1603.01 380.365 398.388 85.7611 63.8459 59.2535 51.9264 51.2563 59.6552 47.2288 7.78539 25.1927 4.85253 10.0864 2.29102 2.8803 1.93923 0.745238 0.32134 0.425424 0.00699815 0.000915255 0.00021392 0.000210917 2.24467e-05 1.85799e-05 3.62033e-07 5.91661e-08 6.6007e-09 8.41172e-09
threshold=0.25500000000000006 -0.00042419462450338485 17.500000000000004 0.48250000000000004 -0.00035964032097392625 -0.00013453948580466549 0.22500000000000003 1.5605000000000002 1.9735000000000003 0.22500000000000003 -0.00040382335475524448 -0.00032023238104392308 0.00059382900285471693 0.27370000000000005 -0.00057856175070353569 -0.00032038374144413757 0.00051574397969290269 0.0010235000000000003 0.0010065000000000002 0.35670000000000007 -0.0006164500475349849 0.00040865747150221448 1.9055000000000002 1.764 -0.00024849999999999997 0.81500000000000006 -3.7499999999999997e-05 0.01 0.64385000000000014 5.3014372997867483
decision_type=2 2 2 2 2 2 2 2 2 2 2 2 2 2 2 2 2 2 2 2 2 2 2 2 2 2 2 2 2 2
left_child=1 2 7 4 -2 -6 12 -1 -9 17 14 -12 13 -3 -5 -16 21 20 24 -20 22 -15 23 -4 -14 -26 -27 -28 -29 -30
right_child=3 6 9 10 5 -7 -8 8 -10 -11 11 -13 18 16 15 -17 -18 -19 19 -21 -22 -23 -24 -25 25 26 27 28 29 -31
leaf_value=0.11749455588374544 0.10021425772055605 0.0051509267788389882 -0.034991667329462101 0.11697965742853564 0.018363454553795726 0.081146835680201965 0.027063245622158293 0.03188823079775658 0.10751082862460523 0.034853755263139968 0.07861688832062301 0.11881989913446057 -0.034825231835660393 -0.035288291696802289 0.10426427359650711 0.11531894733192249 -0.018033955455472563 -0.025137295183241867 -0.025273560936028849 -0.034812197036975565 -0.035923469749591416 -0.034898876195670787 -0.035063883982195766 -0.034784112765835262 -0.034813372333647258 -0.034774256839694456 -0.034770424488385222 -0.03476857363819142 -0.034768579824575721 -0.034767513494070861
leaf_weight=32.05492527782917 53.043932974338531 9.3530882373452169 8.0561548471450823 70.757177896797657 23.754114393144846 31.429645685479045 15.046822432428597 20.835757881402969 17.087910963222384 11.664866453036664 26.402269795536995 29.931352496147156 7.9967285841703406 12.431102193892007 43.37842658162117 41.511964149773121 8.2008530013263208 8.2311812043189985 7.9553461447358158 8.9339690580964071 8.6135614663362521 9.6477148756384832 8.1326461732387525 9.7265771776437742 9.2573814056813699 9.3983700498938543 8.2861690446734411 7.6921615973114958 7.5738284885883322 55.061203457415104
leaf_count=47 113 73 66 119 129 106 89 105 39 62 79 53 67 98 84 70 65 67 66 75 63 80 66 82 79 80 70 65 64 466
internal_value=0.0517075 0.0020313 0.0422228 0.0984407 0.0767122 0.0541214 -0.0262435 0.0895678 0.0659628 -0.0186526 0.109534 0.0999777 -0.0312012 -0.0220798 0.112993 0.10967 -0.0304911 -0.033249 -0.0341606 -0.0303192 -0.0351827 -0.0351181 -0.0349364 -0.0348781 -0.0347769 -0.0347729 -0.0347687 -0.034768 -0.0347677 -0.0347676
internal_weight=621.447 301.238 124.404 320.209 108.228 55.1838 176.835 69.9786 37.9237 54.425 211.981 56.3336 161.788 39.6328 155.648 84.8904 30.2797 42.7601 122.155 16.8893 34.5289 22.0788 25.9154 17.7827 105.266 97.2691 88.0117 78.6134 70.3272 62.635
internal_count=2787 2034 597 753 348 235 1437 191 144 406 405 132 1348 316 273 154 243 344 1032 141 277 178 214 148 891 824 745 665 595 530
is_linear=0
shrinkage=0.03


Tree=5
num_leaves=31
num_cat=0
split_feature=12 35 25 7 4 38 38 5 30 35 20 11 38 2 16 40 4 34 5 5 34 20 20 4 7 2 33 5 35 2
split_gain=1326.18 648.832 81.911 76.9439 71.2971 59.8522 73.6759 45.8262 33.81 24.7636 19.5804 10.1924 8.13964 6.40382 2.07075 1.35769 0.705262 0.336948 0.00348573 0.00117553 0.000672065 0.000234727 0.000254088 4.73778e-05 1.5676e-05 6.85537e-08 3.46951e-09 6.13909e-12 5.40012e-12 4.05009e-13
threshold=0.22500000000000003 15.500000000000002 0.49250000000000005 0.20500000000000004 0.0006395000000000002 -0.00035964032097392625 -0.00013453948580466549 0.00044176865563188216 0.36540000000000006 10.500000000000002 1.7465000000000004 0.71500000000000008 -0.00040382335475524448 -0.00020349999999999999 -0.37713480978476566 0.42500000000000004 0.0010285000000000001 0.082500000000000018 -0.00059512661828960004 0.00059382900285471693 0.32370000000000004 1.9225000000000001 1.7875000000000003 0.0010055000000000001 0.80500000000000016 -5.8499999999999992e-05 -0.062199999999999991 0.00086834774429375662 31.500000000000004 0.00017150000000000002
decision_type=2 2 2 2 2 2 2 2 2 2 2 2 2 2 2 2 2 2 2 2 2 2 2 2 2 2 2 2 2 2
left_child=7 2 5 16 -5 8 10 -1 9 -2 -7 -6 14 -9 -4 -16 18 -15 21 20 -19 22 -3 24 -21 -26 27 28 29 -27
right_child=1 3 12 4 11 6 -8 13 -10 -11 -12 -13 -14 17 15 -17 -18 19 -20 23 -22 -23 -24 -25 25 26 -28 -29 -30 -31
leaf_value=0.031265168570961899 0.075356088647772268 -0.034858030193441691 0.098539205897594462 0.072080048517949524 0.009339232239806693 -0.01551852211140857 0.078485433720020217 -0.012768372986166341 0.057403652065915509 0.10539124410414433 0.037907339141292226 -0.035500712206467791 0.091522097860517085 -0.027947862074515252 0.11019315213520582 0.10414358083095875 -0.025263970468772799 -0.035094257867876233 -0.035508800018650345 -0.034647784986906786 -0.034709540819945775 -0.034932181547580488 -0.034627369707307752 -0.034670104069458724 -0.03460767775999244 -0.034604618388824421 -0.034605295991750711 -0.034604592433544121 -0.034604598576090238 -0.034604624618942217
leaf_weight=11.082954179495571 39.440828531980515 8.0201581567525881 33.347653657197952 16.712241843342781 8.8906151950359362 12.639093909412624 34.397355008870363 13.845915369689463 28.611247878521681 66.128604888916016 12.069714695215223 9.3714247997850162 50.740930117666721 7.1499334946274749 61.133719548583031 73.567079573869705 8.4418003726750594 7.7264865264296558 8.1917232871055621 8.5193230882287008 8.6751131117343885 7.8570274561643592 9.2615450769662839 13.170039646327494 7.6173124983906595 13.612213037908061 7.4990601614117898 9.8053694218397123 10.26680665463209 30.915903054177761
leaf_count=70 105 67 58 63 58 82 115 111 104 105 57 75 115 63 88 119 70 65 63 74 74 65 80 113 66 118 65 85 89 268
internal_value=0.0506276 0.074565 0.089481 -0.00552372 0.0273046 0.0752506 0.0500977 -0.0274391 0.0863304 0.0941701 0.0105788 -0.013671 0.102053 -0.0321264 0.105232 0.106889 -0.0330096 -0.0342714 -0.0349714 -0.0346551 -0.0348908 -0.0347962 -0.0347344 -0.034617 -0.0346091 -0.034605 -0.0346047 -0.0346046 -0.0346046 -0.0346046
internal_weight=638.709 488.823 412.076 76.7465 34.9743 193.287 59.1062 149.886 134.181 105.569 24.7088 18.262 218.789 138.803 168.048 134.701 41.7723 124.958 33.3305 117.808 16.4016 25.1387 17.2817 101.406 88.236 79.7167 72.0994 64.6003 54.7949 44.5281
internal_count=2750 1489 948 541 196 568 254 1261 314 210 139 133 380 1191 265 207 345 1080 275 1017 139 212 147 878 765 691 625 560 475 386
is_linear=0
shrinkage=0.03


Tree=6
num_leaves=31
num_cat=0
split_feature=6 35 6 25 4 38 38 5 30 35 20 24 38 2 16 16 40 4 34 5 5 34 20 20 4 6 3 2 5 3
split_gain=1189.53 564.953 73.0541 70.5041 63.6213 50.1724 59.3673 44.0519 28.928 23.2399 18.2868 10.3657 7.24753 6.39275 2.15461 1.12449 1.27504 0.711035 0.341076 0.00314112 0.0010596 0.000605504 0.000211679 0.00022911 4.26993e-05 1.41276e-05 9.61087e-08 7.02016e-12 6.09646e-12 1.59162e-12
threshold=0.77500000000000013 15.500000000000002 0.21500000000000002 0.48250000000000004 0.0006395000000000002 -0.00035964032097392625 -0.00013453948580466549 0.00044176865563188216 0.36540000000000006 10.500000000000002 1.7465000000000004 0.24500000000000002 -0.00040382335475524448 -0.00020349999999999999 -0.37713480978476566 0.0064711301003432904 0.33500000000000008 0.0010285000000000001 0.082500000000000018 -0.00059512661828960004 0.00059382900285471693 0.32370000000000004 1.9225000000000001 1.7875000000000003 0.0010055000000000001 0.81500000000000006 -6.9499999999999982e-05 -2.0499999999999997e-05 0.00086834774429375662 0.00020050000000000002
decision_type=2 2 2 2 2 2 2 2 2 2 2 2 2 2 2 2 2 2 2 2 2 2 2 2 2 2 2 2 2 2
left_child=1 3 17 5 -4 8 10 -2 9 -1 -7 -6 14 -9 -5 -16 -17 19 -15 22 21 -20 23 -3 25 -22 -27 -28 29 -29
right_child=7 2 4 12 11 6 -8 13 -10 -11 -12 -13 -14 18 15 16 -18 -19 20 -21 24 -23 -24 -25 -26 26 27 28 -30 -31
leaf_value=0.067252401903508646 0.02969886526673279 -0.034691710787912756 0.066889476347311488 0.090513361618962257 -0.03546825366905728 -0.014835765462500547 0.07188413098655011 -0.012502819239512523 0.052482262482713052 0.097130615142194399 0.036993932378138646 0.00997267868955873 0.084611768388792682 -0.027678031316586079 0.10174355055523873 0.10066429201622143 0.093223777101153066 -0.024958345695612727 -0.034918703673359502 -0.035317179318749677 -0.034489507414888938 -0.034548897746571647 -0.034763036224107112 -0.034469882188622 -0.034510967923965796 -0.034451587315682083 -0.034447971028440764 -0.03444799299914942 -0.03444797954437577 -0.034448007903367155
leaf_weight=35.333992630243301 11.31379910930991 7.8198758289217976 17.456803686916828 37.170013435184956 9.3016194384545106 12.331138931214811 34.762658465653658 13.717761129140852 27.472289562225342 69.544134944677353 12.176462493836878 8.7851882968097907 55.927541740238667 7.0052442327141753 60.231036849319935 36.02667935192585 48.81264391541481 8.2911098450422269 7.5352606251835814 7.9921006187796619 8.3049057647585851 8.4572772830724698 7.6613554432988158 9.0282677710056287 12.838848583400248 7.4261040315031854 7.4216400310396997 7.5341165289283074 9.3332867771387082 45.991953745484352
leaf_count=95 70 67 63 63 74 81 113 111 98 105 56 59 123 63 84 53 77 70 65 63 74 74 65 80 113 66 66 67 83 409
internal_value=0.0479895 0.0698019 -0.00540549 0.0831597 0.0260349 0.0696134 0.0466743 -0.0271725 0.0798862 0.0870645 0.0109155 -0.0133965 0.0940586 -0.0319187 0.0969577 0.0986088 0.0963834 -0.0328002 -0.0341046 -0.0348007 -0.0344966 -0.0347231 -0.0346323 -0.0345728 -0.0344599 -0.0344523 -0.0344483 -0.034448 -0.034448 -0.034448
internal_weight=653.005 506.125 76.3363 429.789 35.5436 191.621 59.2703 146.88 132.35 104.878 24.5076 18.0868 238.168 135.566 182.24 145.07 84.8393 40.7927 121.849 32.5016 114.843 15.9925 24.5095 16.8481 98.8509 86.012 77.7071 70.281 62.8594 53.5261
internal_count=2750 1489 541 948 196 548 250 1261 298 200 137 133 400 1191 277 214 130 345 1080 275 1017 139 212 147 878 765 691 625 559 476
is_linear=0
shrinkage=0.03


Tree=7
num_leaves=31
num_cat=0
split_feature=6 25 4 4 5 3 5 5 38 38 19 30 30 31 6 33 5 16 4 3 10 3 4 1 5 3 4 1 34 19
split_gain=1074.33 302.867 239.669 229.18 113.354 99.8524 44.1293 42.3888 28.143 37.5765 35.5306 23.3786 7.38952 11.7506 5.03119 9.22974 2.20978 1.69955 1.17869 0.785767 0.105294 0.0944748 0.0117345 0.00922744 0.000712011 6.60468e-05 2.70924e-05 1.48934e-05 8.51771e-06 1.00114e-06
threshold=0.77500000000000013 0.35500000000000004 0.00076650000000000015 0.00067150000000000011 -0.00059512661828960004 -0.00041549999999999991 -8.0335896654820375e-05 0.00044176865563188216 -0.00040172862410992348 -0.00031708360247518418 11.766733909890755 0.57325000000000015 0.17685000000000003 0.21540000000000004 0.81500000000000006 -0.19384999999999997 -0.00021739330356367728 0.4863814775018514 0.0010425000000000002 -6.3499999999999985e-05 7.4458350150965869 -0.00033849999999999993 0.00059750000000000005 0.68833333333333335 0.00059382900285471693 -1.8499999999999999e-05 0.00097350000000000008 0.39833333333333337 0.090300000000000019 12.49458061065207
decision_type=2 2 2 2 2 2 2 2 2 2 2 2 2 2 2 2 2 2 2 2 2 2 2 2 2 2 2 2 2 2
left_child=1 2 3 4 17 -6 -7 -2 12 10 -10 18 19 16 15 -9 -14 22 20 -3 23 -16 -1 -4 -23 27 28 -26 -27 -30
right_child=7 8 11 -5 5 6 -8 14 9 -11 -12 -13 13 -15 21 -17 -18 -19 -20 -21 -22 24 -24 -25 25 26 -28 -29 29 -31
leaf_value=-0.03478467325878392 0.028247847492353966 0.092003044204365822 -0.035149111746039234 0.09886110976324354 0.096401760341288834 -0.021420343205602148 0.043281913328036235 -0.034408049971015403 0.076032895031991676 0.089677026730855772 0.022338447803480859 0.021716899796349796 0.094530896330894107 0.069885926458173556 -0.030893116404718531 0.00822510875950027 0.085080530725381853 -0.018871548814085617 -0.021902003903641217 0.097027750846221061 -0.031853812670041295 -0.034574671930022741 -0.036361858600068638 -0.036366461712757793 -0.034346844284725446 -0.03433517920057428 -0.034361322525532624 -0.034404514320731876 -0.034298891415269567 -0.034309338323514127
leaf_weight=8.9312569871544891 11.534631192684172 60.783752344548702 10.357077412307268 62.510383203625679 22.13707772269845 16.102655503898859 23.091838870197535 11.499996453523638 22.509894173592329 39.975304573774338 21.865092806518078 8.9415951967239362 44.019052892923355 38.334740519523621 7.6370858699083319 7.584294829517602 45.067959010601044 8.1447843164205533 8.1237859688699228 51.949088297784328 8.2873275279998762 11.179398301988838 8.0925369299948198 12.210928805172442 7.7738182358443764 7.0986812077462664 8.3087151274085027 8.3692852482199651 53.168348327279091 9.7734459266066533
leaf_count=77 70 85 86 79 49 111 86 103 55 85 94 56 61 82 68 61 78 60 69 61 68 99 59 88 71 65 75 75 485 89
internal_value=0.0456489 0.0656766 0.0363272 0.0550954 0.0234676 0.0454674 0.0166997 -0.0269097 0.0834878 0.0685806 0.0495758 -0.022033 0.0887238 0.083774 -0.0317153 -0.0174652 0.0897501 -0.0301422 -0.032069 0.0943185 -0.0347458 -0.0341154 -0.0355344 -0.0358078 -0.0343483 -0.0343215 -0.0343101 -0.0343767 -0.034304 -0.0343005
internal_weight=665.364 521.436 196.931 149.011 86.5002 61.3316 39.1945 143.928 324.505 84.3503 44.375 47.9207 240.155 127.422 132.393 19.0843 89.087 25.1686 38.9791 112.733 30.8553 113.309 17.0238 22.568 105.672 94.4923 78.3492 16.1431 70.0405 62.9418
internal_count=2750 1489 888 521 442 246 197 1261 601 234 149 367 367 221 1191 164 139 196 311 146 242 1027 136 174 959 860 714 146 639 574
is_linear=0
shrinkage=0.03


Tree=8
num_leaves=31
num_cat=0
split_feature=6 35 6 24 4 38 6 5 40 20 34 4 24 2 38 38 20 33 2 4 19 5 5 34 19 5 6 4 31 2
split_gain=976.434 442.556 66.6726 55.6684 53.2799 42.636 45.921 40.8266 20.575 18.934 30.8723 18.1794 9.97271 6.51825 6.35534 16.2661 1.87815 1.15372 1.52268 0.733089 0.356485 0.00363582 0.00132151 0.000985718 0.000253868 9.76087e-05 4.18903e-05 2.28284e-05 1.57766e-05 1.1011e-07
threshold=0.77500000000000013 15.500000000000002 0.21500000000000002 0.48250000000000004 0.0006395000000000002 -0.00048651458248592398 0.56500000000000006 0.00044176865563188216 0.22500000000000003 1.4905000000000002 0.4139000000000001 0.00056250000000000017 0.24500000000000002 -0.00020349999999999999 -0.00040382335475524448 -0.00032533500243153393 1.4665000000000001 -0.18569999999999995 -6.9499999999999982e-05 0.0010285000000000001 10.67197327655526 -0.00059512661828960004 0.00059382900285471693 0.32010000000000005 11.428007458527656 -0.00080521294042361379 0.82500000000000007 0.0010140000000000004 0.038350000000000002 -5.449999999999999e-05
decision_type=2 2 2 2 2 2 2 2 2 2 2 2 2 2 2 2 2 2 2 2 2 2 2 2 2 2 2 2 2 2
left_child=1 3 19 5 -4 9 8 -2 -7 -1 -11 -8 -6 -9 16 -16 -5 18 -18 21 -15 24 23 -22 -3 -26 -24 28 -28 -30
right_child=7 2 4 14 12 6 11 13 -10 10 -12 -13 -14 20 15 -17 17 -19 -20 -21 22 -23 26 -25 25 -27 27 -29 29 -31
leaf_value=0.090523159403716885 0.02689983461583377 -0.034485684115366254 0.05952124139002124 0.07777855118142149 -0.03528308805752238 0.0041731575544835409 0.081212515609524874 -0.011628558396415897 0.047605354793262979 0.043604844642057758 0.08655504247739651 0.044720861396003835 0.0095721189247171788 -0.027131752646933668 0.057227569432516917 0.087522979212967617 0.083948759851368002 0.081978085344981591 0.090658546615560345 -0.024340325136610351 -0.034724456438970812 -0.035091832032245376 -0.034227760799305618 -0.034246402477799018 -0.034199187443600648 -0.034347801835269164 -0.034199119732529051 -0.034206985861278197 -0.034156317466174882 -0.03415250145181873
leaf_weight=39.108968704938889 11.74595347419381 7.4406871944665935 18.587401270866394 31.557907961308956 9.000875713303687 23.815096482634544 27.798939667642117 13.305748019367455 16.70044482499361 32.132154308259487 28.351952716708183 22.018642280250788 8.8443984854966384 6.7969814687967292 29.335979931056499 34.957038879394531 60.421887189149857 51.646832250058651 61.34214760363102 7.9923530258238307 7.2466619573533526 7.7256210744380978 10.139981508255003 8.3602992594242078 7.9659819528460529 7.9440170228481248 7.3993778973817816 9.4911456480622274 7.6951767429709284 58.848794206976905
leaf_count=45 70 66 63 50 74 125 59 111 57 107 42 80 59 62 76 62 85 86 74 70 65 63 95 77 74 72 70 88 72 551
internal_value=0.043568 0.0620891 -0.00521982 0.0731562 0.0239737 0.0607189 0.0457942 -0.0266509 0.0220758 0.0742561 0.0637378 0.0650837 -0.0130521 -0.0315162 0.081929 0.0736996 0.0845103 0.0857353 0.087329 -0.0324436 -0.0337978 -0.0345277 -0.0342128 -0.0344684 -0.034341 -0.0342734 -0.0341702 -0.0341632 -0.0341576 -0.0341529
internal_weight=675.719 534.689 75.5013 459.188 36.4327 189.926 90.3331 141.03 40.5155 99.5931 60.4841 49.8176 17.8453 129.284 269.262 64.293 204.969 173.411 121.764 39.0687 115.978 31.0763 109.181 15.607 23.3507 15.91 93.5745 83.4345 73.9433 66.544
internal_count=2750 1489 541 948 196 515 321 1261 182 194 149 139 133 1191 433 138 295 245 159 345 1080 275 1018 142 212 146 876 781 693 623
is_linear=0
shrinkage=0.03


Tree=9
num_leaves=31
num_cat=0
split_feature=12 35 5 2 25 5 38 19 31 25 31 35 2 2 38 16 40 19 38 7 5 34 10 7 4 31 3 0 31 30
split_gain=891.443 395.771 64.6704 63.5269 51.0987 45.3441 38.0557 58.2151 24.8994 23.4334 22.707 37.0356 14.9783 7.12049 4.86295 1.38424 0.919295 0.692942 0.0977986 0.0101323 0.00282938 0.0013208 0.000216423 3.95021e-05 2.05749e-05 1.423e-05 1.30188e-07 4.22204e-11 2.76152e-11 1.55609e-11
threshold=0.22500000000000003 15.500000000000002 -0.00059512661828960004 -0.00027249999999999996 0.49250000000000005 0.00041456869673974807 -0.00035964032097392625 12.316517701332691 0.14945000000000003 0.23500000000000001 0.3655000000000001 10.500000000000002 -2.9499999999999995e-05 -0.00020349999999999999 -0.00040382335475524448 -0.37713480978476566 0.42500000000000004 10.782844498991761 -0.001043525302328017 0.18500000000000003 0.00059382900285471693 0.31480000000000002 6.9275726019485502 0.81500000000000006 0.0010140000000000004 0.038350000000000002 -5.7499999999999995e-05 89.500000000000014 0.080850000000000019 0.77510000000000012
decision_type=2 2 2 2 2 2 2 2 2 2 2 2 2 2 2 2 2 2 2 2 2 2 2 2 2 2 2 2 2 2
left_child=5 4 18 -4 6 -1 10 8 -8 -5 11 -2 -13 -7 15 -6 -17 -15 -3 22 21 -19 -20 -22 25 -25 -27 28 -28 -29
right_child=1 2 3 9 14 13 7 -9 -10 -11 -12 12 -14 17 -16 16 -18 20 19 -21 23 -23 -24 24 -26 26 27 29 -30 -31
leaf_value=0.037903726116468819 0.033042243659586135 -0.030778449726831247 0.07172195082783718 -0.031600371180516243 0.075458238638067984 -0.010772171219453699 0.038611304802603212 -0.010632492807787938 0.082278092059702948 0.029014763263054147 0.084777059864684257 0.055994284979871085 0.082822521758006168 -0.025116437041415324 0.070671286730166344 0.084342725331869414 0.079714180473616669 -0.034739156590339229 -0.034134961984629196 -0.035483284904741931 -0.034089855032981099 -0.034204973638165596 -0.034333988110947226 -0.034057941941702273 -0.034065513469141967 -0.034017406169122744 -0.03401303304092352 -0.034013068695206303 -0.03401294969227648 -0.03401303234303845
leaf_weight=9.2129523120820505 33.502646207809448 7.8798814229667178 14.449588725343345 14.64549506083131 38.364920884370804 13.98147292435169 30.697495710104704 15.88849290460348 19.043020464479923 9.4398570824414474 44.27579241245985 33.67981443554163 42.192416541278362 8.3378668054938299 58.130048930644989 70.857206135988235 84.884923942387104 7.8274296261370209 12.990260189399129 7.7004623487591735 8.9386053159832937 8.905249208211897 7.912431336939334 7.2100084982812396 9.2483125254511815 6.873950332403175 7.5967202931642586 24.767562881112099 6.7640958204865456 18.52350927144289
leaf_count=49 114 73 45 117 58 117 119 87 48 50 56 92 52 77 115 88 119 71 123 61 86 83 72 70 88 66 73 238 65 178
internal_value=0.0416799 0.0588921 -0.00511092 0.0219916 0.0690749 -0.0263947 0.0584828 0.03936 0.055329 -0.00784327 0.0666508 0.0593131 0.0709134 -0.0309876 0.0782831 0.0805626 0.08182 -0.0334455 -0.0337378 -0.034553 -0.0340967 -0.0344549 -0.0342103 -0.03403 -0.0340234 -0.034018 -0.0340135 -0.034013 -0.034013 -0.0340131
internal_weight=684.722 546.535 75.018 38.5349 471.517 138.188 219.28 65.629 49.7405 24.0854 153.651 109.375 75.8722 128.975 252.237 194.107 155.742 114.993 36.483 28.6032 106.655 16.7327 20.9027 89.9228 80.9842 71.7358 64.5258 57.6519 14.3608 43.2911
internal_count=2750 1489 541 212 948 1261 568 254 167 167 314 258 144 1212 380 265 207 1095 329 256 1018 154 195 864 778 690 620 554 138 416
is_linear=0
shrinkage=0.03


Tree=10
num_leaves=31
num_cat=0
split_feature=35 6 25 4 25 38 19 35 6 5 16 39 39 33 37 31 35 10 5 5 5 0 30 5 4 19 31 30 19 35
split_gain=834.166 378.51 48.9514 54.6174 48.2949 25.0775 64.7313 25.179 23.1475 22.2708 15.2748 6.59535 12.527 3.71581 17.0995 2.06661 1.83438 1.79198 0.00446587 0.00814717 0.000532557 0.000231902 0.000170275 7.38268e-05 6.86581e-05 4.51842e-05 2.85517e-05 1.9452e-05 1.09196e-05 5.57986e-06
threshold=15.500000000000002 0.77500000000000013 0.20500000000000004 0.0006395000000000002 0.47250000000000003 -0.00040159448027927497 12.054249253412889 10.500000000000002 0.19500000000000003 0.00059689973420288666 0.180561535081908 -0.00032038374144413757 -0.00036536384243946466 -0.096599999999999978 1.0000000180025095e-35 0.12960000000000002 8.5000000000000018 5.9054843671766006 0.00045092586165765047 -0.00059512661828960004 0.00065197261122439977 141.50000000000003 0.35965000000000008 0.00059689973420288666 0.00062000000000000011 12.191644039036625 0.04685000000000001 0.73725000000000007 11.899241691287022 26.500000000000004
decision_type=2 2 2 2 2 2 2 2 2 2 2 2 2 2 2 2 2 2 2 2 2 2 2 2 2 2 2 2 2 2
left_child=1 4 13 -4 5 7 10 -1 -9 -3 -7 12 17 18 -15 -5 -13 -6 19 22 -16 -11 24 -20 -2 28 -22 -23 29 -25
right_child=2 9 3 15 11 6 -8 8 -10 21 -12 16 -14 14 20 -17 -18 -19 23 -21 26 27 -24 25 -26 -27 -28 -29 -30 -31
leaf_value=0.039498673946091356 -0.033956678993844552 0.014517205949767888 0.043728050611488156 -0.013737730403017755 0.07826518622348129 0.072464542223848724 -0.00053945922122082828 0.085180822107921175 0.054776379941884439 -0.034067655419671425 0.039881252762861273 0.073885387713136894 0.054343364102566384 0.018603396498851232 -0.034228676957995731 -0.032999551553484385 0.080738757202089256 0.070057546115356889 -0.034034230973374907 -0.035020865493650376 -0.033959791886390006 -0.033933985009671735 -0.034181361581900854 -0.033945616444864476 -0.034080214688672165 -0.03397745572863272 -0.033883554782885253 -0.033881882408419287 -0.033889079654874997 -0.033909415333249031
leaf_weight=32.261685833334923 7.1995592787861886 11.04956393688917 19.31565447896719 7.9908486735075739 49.67652802169323 30.974527165293694 23.95740632712841 46.292637079954147 43.913111567497253 11.121214829385279 22.250524699687958 63.766514241695404 40.111551128327847 7.1729257795959738 6.8381152413785484 13.452817693352698 78.324457794427872 46.21182731539011 7.4440495260059825 12.214453160762785 7.960439424961808 11.304768893867733 10.372481055557726 7.3936870992183703 9.2527142539620382 13.106627725064753 9.944183371961115 15.013657972216604 12.493512608110903 7.9546938464045525
leaf_count=97 70 76 76 67 63 68 124 45 104 106 85 93 85 57 67 113 115 75 72 102 78 111 97 72 88 127 98 148 123 78
internal_value=0.0387124 0.0569554 -0.0212476 0.00713758 0.0650612 0.0538039 0.0404109 0.0622446 0.0703796 -0.0229076 0.0588432 0.0731432 0.0684208 -0.0309417 -0.0221803 -0.0258218 0.0776632 0.0743096 -0.0341399 -0.0343786 -0.0340035 -0.0339528 -0.0340862 -0.0339473 -0.0340262 -0.0339315 -0.0339174 -0.0339043 -0.0339099 -0.0339269
internal_weight=686.337 526.23 160.107 40.7593 477.741 199.65 77.1825 122.467 90.2057 48.4892 53.2251 278.091 136 119.347 31.9157 21.4437 142.091 95.8884 87.4318 39.0392 24.7427 37.4396 26.8248 48.3926 16.4523 40.9485 17.9046 26.3184 27.8419 15.3484
internal_count=2780 1395 1385 256 954 523 277 246 149 441 153 431 223 1129 300 180 208 138 829 357 243 365 255 472 158 400 176 259 273 150
is_linear=0
shrinkage=0.03


Tree=11
num_leaves=31
num_cat=0
split_feature=35 6 25 4 25 5 6 12 20 20 5 4 39 39 33 37 2 24 31 5 5 2 5 2 20 20 5 33 7 19
split_gain=766.603 344.277 47.6117 50.7576 44.5772 21.659 20.5999 32.2604 26.0167 38.6987 19.6868 9.34976 5.92946 11.261 3.73076 16.5685 2.74647 2.13689 2.0532 0.00403778 0.00736147 0.000516481 0.000482135 0.000255725 0.000170754 0.000272806 8.15954e-05 2.58068e-05 1.64493e-05 1.27621e-05
threshold=15.500000000000002 0.77500000000000013 0.20500000000000004 0.0006395000000000002 0.47250000000000003 0.00059689973420288666 0.18500000000000003 0.44250000000000006 1.8275000000000003 1.5935000000000004 1.5851659521010407e-05 0.00056250000000000017 -0.00032038374144413757 -0.00036536384243946466 -0.096599999999999978 1.0000000180025095e-35 -4.7499999999999996e-05 0.54250000000000009 0.12960000000000002 0.00045092586165765047 -0.00059512661828960004 -0.00012649999999999996 0.00065197261122439977 -6.4499999999999982e-05 1.9655000000000002 1.7605000000000002 0.00059689973420288666 -0.056749999999999995 0.83500000000000008 11.899241691287022
decision_type=2 2 2 2 2 2 2 2 2 2 2 2 2 2 2 2 2 2 2 2 2 2 2 2 2 2 2 2 2 2
left_child=1 4 14 -4 6 -3 -1 10 9 -9 -8 -12 13 17 19 -16 -14 -6 -5 20 24 -7 -17 -21 25 -2 -25 -24 -23 -28
right_child=2 5 3 18 12 21 7 8 -10 -11 11 -13 16 -15 15 22 -18 -19 -20 23 -22 28 27 26 -26 -27 29 -29 -30 -31
leaf_value=0.068338924951363747 -0.034053302946631579 0.013938882916479356 0.041412716384846664 -0.013448979329016239 0.066520787861218747 -0.034058716752730873 0.079649681732480535 0.037762911710997743 0.05175682075303073 -0.021489992154703062 0.060742844330421028 0.034885948409364813 0.069652894443962554 0.051875394286419844 0.01781024728982172 -0.034086824186868488 0.077910983816759274 0.07541270901280521 -0.032788301046397274 -0.033988556995578623 -0.034849193140122879 -0.033805968660154936 -0.033754172725874235 -0.033881978586017207 -0.034078360346302967 -0.033818750822275881 -0.033789291770365597 -0.033827608044879595 -0.033754428895259328 -0.03375204760732179
leaf_weight=48.02223664522171 7.0000723004341188 11.161028601229189 19.776399791240692 7.9186476226896074 52.429152026772499 6.7059895619750014 27.900580570101738 27.885095700621605 33.97609069943428 15.398081511259077 26.027795933187008 24.370950847864151 72.099291279911995 40.749128051102161 7.2661304865032461 6.6632164716720608 72.888331539928913 45.375073730945587 13.13806928694248 6.6142716929316512 11.910969775170086 7.4255920127034214 9.6867191717028671 6.8234398774802676 6.8220494762063018 12.313174910843371 14.635218694806097 7.7549029961228326 22.341135896742344 19.069593876600266
leaf_count=69 67 76 76 67 83 64 34 91 97 90 58 84 109 85 57 67 99 55 113 64 102 75 98 68 65 123 147 78 226 193
internal_value=0.0372177 0.0543463 -0.0209781 0.00689934 0.0618736 -0.0226303 0.0511634 0.0458611 0.0321076 0.0166836 0.0594319 0.0482394 0.0695635 0.0651255 -0.0307441 -0.0218997 0.0738044 0.0706461 -0.0255155 -0.0340011 -0.0342311 -0.0338209 -0.0338698 -0.0338156 -0.0339493 -0.0339038 -0.0337874 -0.0337868 -0.0337673 -0.0337682
internal_weight=692.148 534.756 157.393 40.8331 487.122 47.6337 203.581 155.559 77.2593 43.2832 78.2993 50.3987 283.541 138.553 116.56 31.371 144.988 97.8042 21.0567 85.1888 38.0463 36.4727 24.1048 47.1425 26.1353 19.3132 40.5283 17.4416 29.7667 33.7048
internal_count=2780 1395 1385 256 954 441 523 454 278 181 176 142 431 223 1129 300 208 138 180 829 357 365 243 472 255 190 408 176 301 340
is_linear=0
shrinkage=0.03


Tree=12
num_leaves=31
num_cat=0
split_feature=35 6 25 25 3 38 19 35 5 6 16 28 39 39 33 37 2 24 5 5 2 5 2 20 20 5 31 7 19 35
split_gain=706.838 314.512 46.3118 41.5961 36.6373 22.0317 57.8083 23.0061 21.0725 19.3717 13.1634 11.0434 5.40166 10.251 3.74587 16.0625 2.43094 1.98338 0.00365207 0.00665443 0.00046669 0.000436638 0.000231152 0.000154336 0.000246635 7.3774e-05 2.33343e-05 1.48686e-05 1.15325e-05 3.63937e-06
threshold=15.500000000000002 0.77500000000000013 0.20500000000000004 0.47250000000000003 -0.00032649999999999991 -0.00040159448027927497 12.054249253412889 10.500000000000002 0.00059689973420288666 0.19500000000000003 0.180561535081908 6.4103063743696911 -0.00032038374144413757 -0.00036536384243946466 -0.096599999999999978 1.0000000180025095e-35 -4.7499999999999996e-05 0.54250000000000009 0.00045092586165765047 -0.00059512661828960004 -0.00012649999999999996 0.00065197261122439977 -6.4499999999999982e-05 1.9655000000000002 1.7605000000000002 0.00059689973420288666 0.04685000000000001 0.83500000000000008 11.899241691287022 26.500000000000004
decision_type=2 2 2 2 2 2 2 2 2 2 2 2 2 2 2 2 2 2 2 2 2 2 2 2 2 2 2 2 2 2
left_child=1 3 14 5 -4 7 10 -1 -3 -9 -7 -6 13 17 18 -16 -14 -5 19 23 -10 -17 -20 24 -2 -24 -23 -22 29 -27
right_child=2 8 4 12 11 6 -8 9 20 -11 -12 -13 16 -15 15 21 -18 -19 22 -21 27 26 25 -25 -26 28 -28 -29 -30 -31
leaf_value=0.035211347252444021 -0.033917738372818876 0.013389705563103517 0.041800842981314236 0.063456259860023567 -0.032561613145515075 0.065695893632277388 -0.0018958330226158298 0.077418967298391261 -0.033922870475810975 0.050098097970127556 0.036057602342032605 0.0084085278771879185 0.066517378894062382 0.049618515249733354 0.017061896959506186 -0.033950279576005972 0.0742226078374503 0.071953171042173858 -0.033855346100900761 -0.034684162907857245 -0.033679465820084728 -0.033700324797381838 -0.033752698358526477 -0.033941863595429542 -0.033691784783928737 -0.033679028955114973 -0.033629570920590761 -0.033629815899382277 -0.033627522335888595 -0.033648697950885452
leaf_weight=33.546920076012611 6.8199296668171945 11.268555872142313 16.160191582515836 53.298391453921795 14.903618646785619 32.461118932813406 24.555367823690176 48.166606366634369 6.5334643796086302 45.347152575850487 23.072601154446602 9.8245340213179571 73.215072095394135 41.315514832735062 7.3558811414986875 6.4919020980596569 74.194040924310684 46.118050672113895 6.4436645731329909 11.613113455474375 7.2327901348471668 7.5537051744759109 6.6467560939490786 6.6466487869620314 11.993614949285982 6.9079025909304601 9.4347364380955678 21.759977743029594 18.573495104908943 7.3470925912261009
leaf_count=97 67 76 76 83 119 68 124 45 64 104 85 61 109 85 57 67 99 55 64 102 75 78 68 65 123 71 98 226 193 76
internal_value=0.0358446 0.0519868 -0.020713 0.0590106 0.00667265 0.048757 0.0364338 0.0565245 -0.0223557 0.0641704 0.0533821 -0.0162841 0.0663821 0.0621783 -0.0305503 -0.0216221 0.0703956 0.0673979 -0.0338676 -0.034089 -0.0336938 -0.033741 -0.0336887 -0.0338176 -0.0337737 -0.0336616 -0.033661 -0.0336422 -0.0336431 -0.0336634
internal_weight=696.802 542.086 154.717 495.291 40.8883 207.15 80.0891 127.061 46.7948 93.5138 55.5337 24.7282 288.141 140.732 113.828 30.8362 147.409 99.4164 82.9922 37.0733 35.5262 23.4803 45.9189 25.4602 18.8135 39.4752 16.9884 28.9928 32.8285 14.255
internal_count=2780 1395 1385 954 256 523 277 246 441 149 153 180 431 223 1129 300 208 138 829 357 365 243 472 255 190 408 176 301 340 147
is_linear=0
shrinkage=0.03


Tree=13
num_leaves=31
num_cat=0
split_feature=35 6 40 0 2 22 5 20 20 6 14 38 36 34 19 38 30 3 5 3 28 40 35 6 6 5 38 5 2 6
split_gain=653.831 288.495 36.5791 36.1466 28.2803 53.9379 20.5095 13.2958 47.3345 33.2254 9.63773 28.7746 9.0603 7.30745 16.2012 5.65716 4.99497 4.06043 3.34922 2.58726 0.817294 0.145002 0.0199207 0.0103025 0.020424 0.00246575 0.00272042 0.00160986 0.000421861 4.68794e-05
threshold=15.500000000000002 0.77500000000000013 0.21500000000000002 145.50000000000003 -0.00029599999999999998 0.0035000000000000005 0.00059689973420288666 2.1135000000000006 1.675 0.36500000000000005 5.4986618936640577 -0.00040172862410992348 0.13665000000000002 0.16020000000000004 12.179533568207441 -0.00053924087928216115 0.17940000000000003 -0.00025499999999999996 -0.00032023238104392308 -6.3499999999999985e-05 5.8754221822164956 0.50500000000000012 20.500000000000004 0.80500000000000016 0.25500000000000006 0.00051795467090815547 -0.00058725763209809868 0.00068480521753336483 -0.00012649999999999996 0.81500000000000006
decision_type=2 2 2 2 2 2 2 2 2 2 2 2 2 2 2 2 2 2 2 2 2 2 2 2 2 2 2 2 2 2
left_child=1 2 3 -1 5 -2 -3 8 15 -10 19 16 13 14 -6 -5 -12 -18 -7 -4 -16 22 23 24 -15 26 -24 -22 -8 -27
right_child=4 6 10 7 12 18 28 -9 9 -11 11 -13 -14 21 20 -17 17 -19 -20 -21 27 -23 25 -25 -26 29 -28 -29 -30 -31
leaf_value=0.013557352088219021 0.056312698200797914 0.012867698643338595 0.064085070299259833 0.064799821074067662 0.019985467934291377 -0.033010050363907244 -0.033792084162472334 0.067026110502208608 -0.010174193583127475 0.048123141300984447 0.070807951934591065 0.035684289702665239 0.0076409992820388566 -0.034264913203899613 -0.020958804880827776 0.049530336930645062 0.066228193053620488 0.05329816099478029 -0.0081495618562136239 0.072912131818361342 -0.034171311284017215 -0.029411954774838125 -0.033669946173368819 -0.033805981944617827 -0.036310034087907138 -0.033628685615880428 -0.034341208273218099 -0.033544502188433259 -0.03352171134518396 -0.033539740917562247
leaf_weight=26.580068625509739 11.577932909131048 11.372300595045088 51.092880077660084 50.884429134428501 8.0377465970814246 13.694020457565783 6.364539496600627 37.27057372033596 18.730367489159107 16.593454301357269 63.914039514958858 39.513066500425339 6.3497325778007498 10.147641956806188 6.3257682472467449 38.253332067281008 43.788552194833755 43.644776836037636 7.5750250592827824 71.995883092284203 6.5702597796916953 6.5203170571476212 11.817147225141527 7.1872717291116706 7.7523427978157988 6.92393580824137 10.058903183788059 8.4055785313248617 28.235504977405071 23.212869502604008
leaf_count=103 47 76 79 65 63 124 64 58 92 43 68 121 50 95 65 95 60 80 53 90 65 69 122 73 58 72 94 89 301 246
internal_value=0.0345784 0.0498486 0.0564326 0.0459791 -0.0204418 0.00420773 -0.0220837 0.0513075 0.0466004 0.0172111 0.0627028 0.0584817 -0.027228 -0.0291881 -0.0163063 0.0582469 0.0644335 0.0597738 -0.0241559 0.0692481 -0.0300004 -0.0337078 -0.0340711 -0.0347654 -0.0351506 -0.0337362 -0.0339786 -0.0338195 -0.0335714 -0.0335602
internal_weight=700.39 548.234 502.261 188.312 152.156 32.847 45.9723 161.732 124.462 35.3238 313.949 190.86 119.31 112.96 29.3394 89.1378 151.347 87.4333 21.269 123.089 21.3016 83.6204 77.1001 25.0873 17.9 52.0129 21.8761 14.9758 34.6 30.1368
internal_count=2780 1395 954 456 1385 224 441 353 295 135 498 329 1161 1111 282 160 208 140 177 169 219 829 760 226 153 534 216 154 365 318
is_linear=0
shrinkage=0.03


Tree=14
num_leaves=31
num_cat=0
split_feature=35 6 25 4 25 38 19 31 35 5 6 22 19 33 37 31 28 25 5 5 5 3 3 3 35 5 35 3 19 4
split_gain=606.39 265.525 44.7259 45.1243 37.4898 20.0749 51.4418 21.73 21.1626 19.9686 17.0078 5.08779 8.5656 3.80615 15.5677 2.06792 1.68179 1.18209 0.00313124 0.00494224 0.000429892 0.000232393 0.000175145 0.000156243 9.32666e-05 6.45321e-05 3.77729e-05 2.87069e-05 1.48433e-05 8.03467e-06
threshold=15.500000000000002 0.77500000000000013 0.20500000000000004 0.0006395000000000002 0.47250000000000003 -0.00040159448027927497 12.241183964721964 0.14585000000000004 10.500000000000002 0.00059689973420288666 0.19500000000000003 0.023500000000000004 11.57395442756669 -0.096599999999999978 1.0000000180025095e-35 0.12960000000000002 5.5744315930126076 0.5525000000000001 0.00045092586165765047 -0.00059512661828960004 0.00065197261122439977 -1.8499999999999999e-05 -0.00068349999999999986 -6.3499999999999985e-05 25.500000000000004 0.00059689973420288666 52.500000000000007 0.00048800000000000004 12.274315158679039 0.00092750000000000005
decision_type=2 2 2 2 2 2 2 2 2 2 2 2 2 2 2 2 2 2 2 2 2 2 2 2 2 2 2 2 2 2
left_child=1 4 13 -4 5 8 7 -7 -1 -3 -10 12 17 18 -15 -5 -13 -6 19 22 -16 -11 -2 -20 -24 -25 -22 -23 29 -27
right_child=2 9 3 15 11 6 -8 -9 10 21 -12 16 -14 14 20 -17 -18 -19 23 -21 26 27 24 25 -26 28 -28 -29 -30 -31
leaf_value=0.031692722478595801 -0.033733823819999016 0.012371067300655271 0.03820086512816856 -0.01274042635217249 0.058889593213043212 0.032014529136472923 -0.0095197961655810355 0.068108218558398728 0.071322993154537315 -0.033614504026770436 0.046060220714450872 0.068455272477089907 0.046377496928811393 0.016658409569398527 -0.033737965411537292 -0.03244103302420847 0.061923961750208305 0.065204380618366767 -0.033605108654534213 -0.034375438779363103 -0.033503450043213222 -0.03346445866124155 -0.033647864101029178 -0.03353134988403577 -0.033503343321212305 -0.033407259592588917 -0.033408809378781323 -0.033395771110261999 -0.033469641724804482 -0.033446745298640564
leaf_weight=34.55036199092865 7.2461288943886748 11.472411200404165 20.382035486400127 7.7365846652537611 56.573210835456848 38.386651135981083 19.59717470407486 24.653332307934761 49.457233443856239 6.5128762274980536 46.567473664879799 69.157487347722054 45.904002323746681 7.4020349998027113 6.2089216560125378 12.613454841077326 72.869025267660618 50.490009903907776 6.4959857910871497 11.03874511644244 6.0768538936972645 7.6025492623448399 6.4524056091904702 6.525043584406375 10.656117878854273 18.499147102236755 10.110006783157585 19.578576400876045 6.0357141792774192 6.1898901909589759
leaf_count=97 74 76 76 67 90 129 102 46 45 68 104 91 83 57 67 113 104 63 68 102 65 82 67 70 114 202 111 215 65 67
internal_value=0.0334033 0.0478931 -0.0201702 0.00664956 0.0540883 0.044504 0.0329327 0.0461299 0.0518272 -0.021814 0.0590717 0.0610155 0.0572192 -0.0301982 -0.0210596 -0.0249513 0.0651043 0.0618676 -0.0336391 -0.0338489 -0.0335257 -0.0334535 -0.0336102 -0.0334693 -0.0335578 -0.0334457 -0.0334443 -0.033415 -0.0334275 -0.0334172
internal_weight=703.041 553.372 149.669 40.7321 508.206 213.212 82.6372 63.04 130.575 45.1664 96.0247 294.994 152.967 108.937 29.7978 20.35 142.027 107.063 79.1392 35.3934 22.3958 33.694 24.3547 43.7458 17.1085 37.2498 16.1869 27.1811 30.7248 24.689
internal_count=2780 1395 1385 256 954 523 277 175 246 441 149 431 236 1129 300 180 195 153 829 357 243 365 255 472 181 404 176 297 334 269
is_linear=0
shrinkage=0.03


Tree=15
num_leaves=31
num_cat=0
split_feature=35 6 24 24 30 38 38 5 30 35 31 30 3 33 30 33 39 39 3 31 1 5 5 2 20 20 2 38 7 19
split_gain=551.308 234.648 43.0691 36.9556 34.5873 33.1333 51.8204 30.3414 21.0708 32.6125 17.33 14.1689 5.74384 5.43312 11.8662 4.58419 9.83939 2.72398 1.25586 0.636468 1.45216 0.00257371 0.00424762 0.000329037 0.000174168 0.000207956 6.53184e-05 4.58401e-05 1.26543e-05 2.41292e-06
threshold=15.500000000000002 0.77500000000000013 0.21500000000000002 0.48250000000000004 0.39915000000000006 -0.00040819673326939198 -0.00031708360247518418 0.00059689973420288666 0.21020000000000003 11.500000000000002 0.14100000000000004 0.59725000000000017 -0.00020899999999999996 -0.28739999999999993 0.21505000000000005 -0.069099999999999981 -0.0002684749871151761 -0.00032220587848869297 -1.1499999999999998e-05 0.11575000000000001 0.32833333333333342 0.00044176865563188216 -0.00059512661828960004 -0.00011999999999999999 1.9705000000000001 1.7875000000000003 1.0000000180025095e-35 0.0005899777546595859 0.83500000000000008 11.176206294472715
decision_type=2 2 2 2 2 2 2 2 2 2 2 2 2 2 2 2 2 2 2 2 2 2 2 2 2 2 2 2 2 2
left_child=1 3 15 5 -4 8 -7 -3 -1 -10 -8 12 -6 18 -15 19 -17 -16 -5 20 -2 22 24 -9 25 -21 -23 -28 -25 -29
right_child=2 7 4 13 11 6 10 23 9 -11 -12 -13 -14 14 17 16 -18 -19 -20 21 -22 26 -24 28 -26 -27 27 29 -30 -31
leaf_value=0.071282727082108907 -0.03349241371280845 0.02281518722665998 0.053101407799028763 0.061217743701921741 -0.0051163280319846353 -0.013587520517338803 0.029005795057509415 -0.033539563068846118 0.01997142588838623 0.056650884862285353 0.063302961005115829 0.021968918375512059 -0.035627798804965291 0.042899764846243013 0.056004119949666885 -0.033443357865156009 0.012110364054409586 0.06472827119233257 0.067340681192781734 -0.033567749238062973 -0.015036265025037035 -0.033431422816558351 -0.034227964899536653 -0.033330230183992095 -0.033628067826042475 -0.03335632865525702 -0.033374749424698869 -0.033312520412072832 -0.033283230087621005 -0.033288987834417021
leaf_weight=36.431555643677711 10.94072179310024 11.665749639272688 10.718707531690596 63.285085581243038 9.984262980520727 20.604852825403214 34.958866853266954 6.0300269797444335 32.500497747212648 66.363483548164368 21.361557446420193 9.2813230566680414 12.511104322969915 46.628552883863449 61.726582787930965 10.8650428801775 7.0275766365230075 67.362041890621185 57.578156664967537 7.0951013639569345 5.9091332629322997 6.5251172557473174 10.07794766128063 6.8638121671974686 6.2195930629968634 10.21631535887718 10.901183143258097 5.8203574940562275 20.716632589697838 12.019641958177088
leaf_count=36 120 70 46 86 59 103 119 64 101 103 47 62 102 83 103 119 60 86 67 75 63 71 95 77 65 113 120 65 233 135
internal_value=0.0329056 0.0465757 -0.0189327 0.0523995 0.00650078 0.0428415 0.027121 -0.0188703 0.0517798 0.0445929 0.0420142 -0.00921824 -0.0220857 0.0592387 0.0558712 -0.0293634 -0.0155515 0.0605566 0.0641347 -0.0322462 -0.02702 -0.0335248 -0.0337126 -0.0333388 -0.0334919 -0.033443 -0.0333457 -0.0333263 -0.0332949 -0.0332967
internal_weight=700.191 554.077 146.113 508.801 42.4954 212.221 76.9253 45.2762 135.296 98.864 56.3204 31.7767 22.4954 296.58 175.717 103.618 17.8926 129.089 120.863 85.7251 16.8499 68.8753 33.609 33.6105 23.531 17.3114 35.2663 28.7412 27.5804 17.84
internal_count=2748 1378 1370 934 269 509 269 444 240 204 166 223 161 425 272 1101 179 189 153 922 183 739 348 374 253 188 391 320 310 200
is_linear=0
shrinkage=0.03


Tree=16
num_leaves=31
num_cat=0
split_feature=35 6 24 4 24 38 19 5 30 20 20 32 33 19 9 33 39 32 39 22 4 32 32 5 5 2 19 38 4 2
split_gain=513.304 217.056 41.853 39.793 35.1713 30.8694 46.0816 29.2534 19.6318 30.0292 56.7704 15.6413 7.26935 5.30043 19.3396 4.58186 9.74717 1.25674 2.77326 0.680193 0.649819 0.126044 0.0777063 0.00220335 0.00392135 0.000297755 0.000159009 0.000143696 6.13791e-05 2.71436e-05
threshold=15.500000000000002 0.77500000000000013 0.21500000000000002 0.0006395000000000002 0.48250000000000004 -0.00040159448027927497 12.222108330344144 0.00059689973420288666 0.21020000000000003 1.5665000000000002 2.0235000000000007 0.14585000000000004 -0.20224999999999996 11.679837142291861 5.1875802220190428 -0.069099999999999981 -0.00026630076232951665 0.19665000000000002 -0.00032220587848869297 0.012500000000000002 0.0010395000000000003 0.076350000000000015 0.14295000000000002 0.00044176865563188216 -0.00059512661828960004 -0.00011999999999999999 11.428007458527656 0.00044208213403241922 0.00062000000000000011 4.1500000000000006e-05
decision_type=2 2 2 2 2 2 2 2 2 2 2 2 2 2 2 2 2 2 2 2 2 2 2 2 2 2 2 2 2 2
left_child=1 4 15 -4 5 8 11 -3 -1 -10 -11 -7 22 17 -15 20 -17 18 -6 -19 21 -2 -5 24 26 -9 -23 -25 -28 -29
right_child=2 7 3 12 13 6 -8 25 9 10 -12 -13 -14 14 -16 16 -18 19 -20 -21 -22 23 -24 27 -26 -27 28 29 -30 -31
leaf_value=0.068331817253195107 -0.028895698443093875 0.021799467214602092 0.037287726445164329 -0.034598301322175666 0.052039781003453377 0.026001144630395108 -0.017655787105607522 -0.033422864650754905 0.059083752994854973 -0.0060527499092051613 0.057423972550810068 0.057711920868297739 0.0035155161916074098 0.064307145294729792 0.037126258095595353 -0.033330735095114743 0.012230905011529349 0.059438264139361652 0.062411682725512063 0.064136291288153763 -0.024558916704304795 -0.033471543053233008 -0.030299530024492795 -0.033375868402068819 -0.034085417482501192 -0.033187031007551104 -0.033233312345076732 -0.033277644367012915 -0.033359890295478617 -0.033205608464929981
leaf_weight=36.857816904783249 6.0951818022876969 11.840284325182436 19.870891645550728 8.4142342433333415 46.527373656630516 35.945981293916702 17.050987102091312 5.8719358891248694 50.766230329871178 24.763664472848177 25.987749308347702 22.928850919008255 7.4244831874966613 48.829200007021427 45.524047024548054 10.670200277119877 6.9971472956240168 52.118975013494492 46.279504895210266 59.286111645400524 9.1541386842727643 7.0336394235491815 6.8781272992491713 6.2884731255471698 9.7125672549009305 26.851022124290466 6.9325619190931302 5.7623071447014835 6.8591795563697815 25.723815031349659
leaf_count=36 69 70 70 75 82 123 96 64 63 108 38 45 59 66 87 120 59 64 58 68 98 76 65 70 94 310 79 65 76 295
internal_value=0.0318621 0.0448992 -0.0186695 0.0062816 0.0504175 0.0411445 0.0257733 -0.0186084 0.0495785 0.0427698 0.0264511 0.0383509 -0.0208401 0.0570733 0.0511928 -0.0291666 -0.0152861 0.0597904 0.0572119 0.0619384 -0.0321014 -0.0330293 -0.0326648 -0.0333981 -0.0335876 -0.0332293 -0.0333555 -0.0332449 -0.0332963 -0.0332188
internal_weight=701.247 557.43 143.817 42.5877 512.866 214.301 75.9258 44.5632 138.375 101.518 50.7514 58.8748 22.7168 298.565 94.3532 101.229 17.6673 204.212 92.8069 111.405 83.5619 74.4077 15.2924 68.3125 30.5379 32.723 20.8254 37.7746 13.7917 31.4861
internal_count=2748 1378 1370 269 934 509 264 444 245 209 146 168 199 425 153 1101 179 272 140 132 922 824 140 755 325 374 231 430 155 360
is_linear=0
shrinkage=0.03


Tree=17
num_leaves=31
num_cat=0
split_feature=12 25 4 4 7 3 34 38 24 38 38 0 33 22 8 30 0 31 0 17 33 39 4 4 7 38 39 4 2 3
split_gain=477.661 134.714 149.36 106.571 71.678 39.3716 30.9643 29.2637 26.7282 18.5036 39.403 46.3612 13.5884 8.96755 7.49244 5.23567 8.8605 0.82687 0.609753 1.00735 0.57026 1.3341 0.133295 0.0209598 0.00824089 0.00197552 0.0108845 0.00037911 0.000145361 8.50019e-05
threshold=0.22500000000000003 0.36500000000000005 0.00076650000000000015 0.00067150000000000011 0.18500000000000003 -0.00038349999999999994 0.39860000000000001 0.0003021645883159809 0.26500000000000007 -0.00040172862410992348 -0.00031708360247518418 238.50000000000003 -0.084649999999999989 0.0025000000000000005 0.020000000000000007 0.17685000000000003 250.50000000000003 0.37150000000000005 205.50000000000003 -0.17909972963591195 -0.066449999999999995 -0.00029279525851319218 0.00061150000000000017 0.00099050000000000028 0.79500000000000015 0.00045264904027046536 -0.00029945941287684737 0.00062950000000000018 -2.9499999999999995e-05 0.00042700000000000002
decision_type=2 2 2 2 2 2 2 2 2 2 2 2 2 2 2 2 2 2 2 2 2 2 2 2 2 2 2 2 2 2
left_child=7 2 3 4 22 -6 8 -1 -7 15 11 -11 18 -9 20 17 -17 -3 19 -4 24 -22 -2 -20 -15 26 28 -27 -26 -29
right_child=1 9 12 -5 5 6 -8 13 -10 10 -12 -13 -14 14 -16 16 -18 -19 23 -21 21 -23 -24 -25 25 27 -28 29 -30 -31
leaf_value=0.039471857495188993 -0.033516096429163034 0.058848526957010913 -0.034973631134954546 0.064688377398563465 0.053416832700988341 -0.038260514836038192 0.045179230809627359 0.0043646678021612307 0.018863284303264026 -0.0040380147434759643 0.060225638632023154 0.05434699780338826 0.0075601672543700515 -0.034202600561238812 0.0021851408779142369 0.043666369022631456 0.058975747614707218 0.063673721501403102 -0.03560791276035169 -0.019791788379991911 -0.033150547180031069 -0.015892676474930235 -0.038582894805932112 -0.037562119914963381 -0.033268753403732435 -0.033380769828998978 -0.03461296975187219 -0.033173986469417049 -0.033088122432859329 -0.033083871403625932
leaf_weight=6.0988973006606093 11.676132038235666 61.646392457187176 9.9074107371270674 68.883402351289988 33.449265494942665 13.656934812664987 15.243483573198317 7.1909503117203704 16.01852885261178 26.710956387221813 51.571490749716759 22.594261825084686 9.1912704985588771 9.9609736576676351 6.0244416855275622 55.82155767083168 87.132541678845882 66.381453961133957 8.6111814230680483 6.5233904123306266 12.368331409990789 5.980831339955329 7.7909245416522017 11.584964647889135 5.743269816040999 5.990604616701602 5.9478074982762328 17.000858053565025 13.283511079847811 21.128094717860222
leaf_count=39 129 68 96 75 86 91 47 65 55 110 79 37 66 99 55 99 117 72 76 59 144 59 53 82 65 67 54 197 157 250
internal_value=0.0309052 0.0419715 0.0229193 0.0361034 0.0159774 0.0287755 0.0104261 -0.0245025 -0.00742564 0.0528609 0.0418927 0.0227171 -0.0250534 -0.0280297 -0.0302819 0.056944 0.0529977 0.0613504 -0.0332375 -0.0289461 -0.03229 -0.0275254 -0.0355439 -0.0367289 -0.0333959 -0.0332796 -0.0334928 -0.0331589 -0.0331426 -0.0331241
internal_weight=701.114 584.396 212.537 166.719 97.8353 78.3682 44.9189 116.719 29.6755 371.859 100.877 49.3052 45.8182 110.62 103.429 270.982 142.954 128.028 36.6269 16.4308 97.4043 18.3492 19.4671 20.1961 79.0551 69.0941 24.9746 44.1196 19.0268 38.129
internal_count=2748 1497 915 536 461 279 193 1251 146 582 226 147 379 1212 1147 356 216 140 313 155 1092 203 182 158 889 790 276 514 222 447
is_linear=0
shrinkage=0.03


Tree=18
num_leaves=31
num_cat=0
split_feature=35 6 25 4 24 5 38 19 30 20 20 6 33 8 33 4 4 15 3 32 17 29 24 5 5 2 2 30 38 7
split_gain=449.672 186.297 40.4986 34.545 32.3405 28.1934 27.6517 38.0826 17.1313 26.212 49.1684 12.9277 7.3817 5.47681 5.0046 11.2121 1.93181 1.29618 1.19855 0.449387 0.654245 0.0809847 0.00209037 0.000537643 0.000596255 0.000256107 0.000143653 9.84852e-05 1.45084e-05 1.40399e-05
threshold=15.500000000000002 0.77500000000000013 0.20500000000000004 0.0006395000000000002 0.48250000000000004 0.00059689973420288666 -0.00040159448027927497 12.054249253412889 0.21020000000000003 1.5665000000000002 2.0235000000000007 0.70500000000000007 -0.20224999999999996 0.01499999999999996 -0.28739999999999993 0.00073650000000000007 0.0010325000000000002 6.2981124845481729 -1.1499999999999998e-05 0.050950000000000002 0.098809373452510091 6.7147225588698785 0.19500000000000003 0.00059382900285471693 -0.00059512661828960004 -0.00011999999999999999 -4.1499999999999992e-05 0.35230000000000006 0.00036932796346321255 0.83500000000000008
decision_type=2 2 2 2 2 2 2 2 2 2 2 2 2 2 2 2 2 2 2 2 2 2 2 2 2 2 2 2 2 2
left_child=1 4 13 -4 6 -3 8 11 -1 -10 -11 -8 21 16 18 -16 19 -17 -6 20 -2 -5 23 24 27 -7 -25 -21 -28 -27
right_child=2 5 3 12 14 25 7 -9 9 10 -12 -13 -14 -15 15 17 -18 -19 -20 22 -22 -23 -24 26 -26 29 28 -29 -30 -31
leaf_value=0.063493523723011092 -0.03355603226684923 0.021251809873804768 0.034382826355856128 -0.034364845459650559 0.055198342614823086 -0.033216326220834452 0.020531270122206877 -0.010077569952060429 0.054898654566150944 -0.0059723097945517962 0.052922930518106294 0.049702568489029125 0.0049095995494635664 -0.00031189600881841874 0.039738770808143108 0.052164617497554612 -0.018959928622897148 0.058498066572113226 0.061141477830957469 -0.033051308027634445 -0.019673570009608225 -0.029862734465778425 -0.033556622572753159 -0.033172537122886293 -0.033420225903374901 -0.033030651682621898 -0.033046527162023442 -0.033208038973055208 -0.032993644951695815 -0.032979200526212671
leaf_weight=37.396362006664276 6.4187385421246272 11.909461721777914 20.421321332454681 7.8905953764915484 64.095906905829906 5.5848269164562252 24.389031089842319 21.583538990467787 51.398598834872246 24.611476071178913 26.487731151282787 31.11707217246294 7.1645736396312705 5.704116027802228 61.136266052722931 53.789997808635235 11.239825079217551 63.313794292509556 58.334825739264488 9.7035960629582423 5.8305849358439445 6.606857031583786 11.581170231103895 5.6038992255926052 8.689297800883649 6.3586111646145609 6.021872244775305 5.7443759292364112 20.786884486675262 19.145293869078159
leaf_count=36 72 70 70 74 86 64 86 113 63 108 38 65 57 55 111 80 121 81 67 116 63 65 125 65 97 77 72 66 252 233
internal_value=0.0300166 0.042006 -0.018201 0.00638875 0.04699 -0.0179969 0.0381632 0.0237363 0.0461132 0.0397719 0.0245566 0.0368849 -0.0200019 -0.0288336 0.0533601 0.0501523 -0.0306093 0.0555889 0.0580301 -0.0322383 -0.0269481 -0.0323131 -0.0331894 -0.0331142 -0.0332214 -0.0330323 -0.0330344 -0.0331096 -0.0330055 -0.032992
internal_weight=700.061 560.653 139.408 42.0833 517.655 42.9982 216.984 77.0896 139.894 102.498 51.0992 55.5061 21.662 97.3244 300.671 178.24 91.6202 117.104 122.431 80.3804 12.2493 14.4975 68.1311 56.5499 24.1373 31.0887 32.4127 15.448 26.8088 25.5039
internal_count=2748 1378 1370 266 934 444 509 264 245 209 146 151 196 1104 425 272 1049 161 153 928 135 139 793 668 279 374 389 182 324 310
is_linear=0
shrinkage=0.03


end of trees

feature_importances:
Column_5=72
Column_38=48
Column_4=41
Column_2=34
Column_6=34
Column_20=31
Column_3=29
Column_35=29
Column_19=24
Column_25=24
Column_30=21
Column_24=18
Column_31=18
Column_33=18
Column_34=16
Column_0=15
Column_39=13
Column_7=11
Column_16=8
Column_10=6
Column_40=6
Column_22=5
Column_32=5
Column_12=4
Column_28=4
Column_37=4
Column_1=3
Column_8=3
Column_17=3
Column_36=3
Column_9=2
Column_29=2
Column_11=1
Column_14=1
Column_15=1

parameters:
[boosting: gbdt]
[objective: binary]
[metric: binary_logloss]
[tree_learner: serial]
[device_type: cpu]
[data_sample_strategy: bagging]
[data: ]
[valid: ]
[num_iterations: 19]
[learning_rate: 0.03]
[num_leaves: 31]
[num_threads: 0]
[seed: 0]
[deterministic: 0]
[force_col_wise: 0]
[force_row_wise: 0]
[histogram_pool_size: -1]
[max_depth: -1]
[min_data_in_leaf: 65]
[min_sum_hessian_in_leaf: 0.001]
[bagging_fraction: 0.85]
[pos_bagging_fraction: 1]
[neg_bagging_fraction: 1]
[bagging_freq: 5]
[bagging_seed: 3]
[bagging_by_query: 0]
[feature_fraction: 0.85]
[feature_fraction_bynode: 1]
[feature_fraction_seed: 2]
[extra_trees: 0]
[extra_seed: 6]
[early_stopping_round: 0]
[early_stopping_min_delta: 0]
[first_metric_only: 0]
[max_delta_step: 0]
[lambda_l1: 0]
[lambda_l2: 0]
[linear_lambda: 0]
[min_gain_to_split: 0]
[drop_rate: 0.1]
[max_drop: 50]
[skip_drop: 0.5]
[xgboost_dart_mode: 0]
[uniform_drop: 0]
[drop_seed: 4]
[top_rate: 0.2]
[other_rate: 0.1]
[min_data_per_group: 100]
[max_cat_threshold: 32]
[cat_l2: 10]
[cat_smooth: 10]
[max_cat_to_onehot: 4]
[top_k: 20]
[monotone_constraints: ]
[monotone_constraints_method: basic]
[monotone_penalty: 0]
[feature_contri: ]
[forcedsplits_filename: ]
[refit_decay_rate: 0.9]
[cegb_tradeoff: 1]
[cegb_penalty_split: 0]
[cegb_penalty_feature_lazy: ]
[cegb_penalty_feature_coupled: ]
[path_smooth: 0]
[interaction_constraints: ]
[verbosity: -1]
[saved_feature_importance_type: 0]
[use_quantized_grad: 0]
[num_grad_quant_bins: 4]
[quant_train_renew_leaf: 0]
[stochastic_rounding: 1]
[linear_tree: 0]
[max_bin: 255]
[max_bin_by_feature: ]
[min_data_in_bin: 3]
[bin_construct_sample_cnt: 200000]
[data_random_seed: 1]
[is_enable_sparse: 1]
[enable_bundle: 1]
[use_missing: 1]
[zero_as_missing: 0]
[feature_pre_filter: 1]
[pre_partition: 0]
[two_round: 0]
[header: 0]
[label_column: ]
[weight_column: ]
[group_column: ]
[ignore_column: ]
[categorical_feature: ]
[forcedbins_filename: ]
[precise_float_parser: 0]
[parser_config_file: ]
[objective_seed: 5]
[num_class: 1]
[is_unbalance: 0]
[scale_pos_weight: 4.61102]
[sigmoid: 1]
[boost_from_average: 1]
[reg_sqrt: 0]
[alpha: 0.9]
[fair_c: 1]
[poisson_max_delta_step: 0.7]
[tweedie_variance_power: 1.5]
[lambdarank_truncation_level: 30]
[lambdarank_norm: 1]
[label_gain: ]
[lambdarank_position_bias_regularization: 0]
[eval_at: ]
[multi_error_top_k: 1]
[auc_mu_weights: ]
[num_machines: 1]
[local_listen_port: 12400]
[time_out: 120]
[machine_list_filename: ]
[machines: ]
[gpu_platform_id: -1]
[gpu_device_id: -1]
[gpu_use_dp: 0]
[num_gpu: 1]

end of parameters

pandas_categorical:null
