tree
version=v4
num_class=1
num_tree_per_iteration=1
label_index=0
max_feature_idx=28
objective=binary sigmoid:1
feature_names=entry_edge entry_p_up entry_price entry_seconds_left direction_up time_frac own_bid own_ask own_spread own_bid_size_log own_ask_size_log opp_bid opp_spread book_imbalance implied_p_own btc_ret_30s btc_ret_60s btc_ret_30m sigma_5m btc_distance_from_open binance_chainlink_divergence ret30s_align ret60s_align ret30m_align session_pnl closes_30min pnl_30min wr_30min_filled wr_30min_known
feature_infos=[0.10000000000000001:0.75] [0.050000000000000003:0.94999999999999996] [0.22:0.91000000000000003] [22:297] [0:1] [0.010000000000000009:0.92666666666666664] [0.22:0.90000000000000002] [0.23000000000000001:0.91000000000000003] [0.0099999999999998979:0.14999999999999997] [0:9.3312713365899569] [0:9.9092315242995639] [0.089999999999999997:0.77000000000000002] [0.0099999999999998979:0.15000000000000002] [-1:1] [0.22500000000000001:0.90500000000000003] [-0.00053399999999999997:0.00072300000000000001] [-0.001121:0.00054299999999999997] [-0.0047600000000000003:0.0058089999999999999] [0:0.00093800000000000003] [-0.0015560326682191833:0.0011140240858627303] [-0.0011471680862776708:0.0012805084388969525] [-0.00072300000000000001:0.00053399999999999997] [-0.00046200000000000001:0.001121] [-0.0018489999999999999:0.0058089999999999999] [-27.829999999999998:99.75] [0:7] [-50.219999999999999:39.030000000000001] [0:1] [0:1]
tree_sizes=1157 1203 1194 1194 1187 1303 1187 1204 1390 1314 1292 1283 1290 1193 1394 1284 1291 1293 1288 1297 1288 1195 1197 1291 1193

Tree=0
num_leaves=10
num_cat=0
split_feature=2 16 1 1 26 24 13 22 26
split_gain=11.0967 10.2968 8.83181 7.39515 5.7547 5.47152 3.83441 3.2461 2.57294
threshold=0.58500000000000008 -7.5000000000000002e-06 0.062200000000000005 0.082400000000000015 5.1900000000000004 18.580000000000002 -0.31212155087458499 -6.2499999999999988e-05 -1.9349999999999998
decision_type=2 2 2 2 2 2 2 2 2
left_child=3 2 5 -1 8 -2 -5 -3 -4
right_child=1 7 4 6 -6 -7 -8 -9 -10
leaf_value=0.36586796729600457 0.42885936877931014 0.37964733637047771 0.31936259666965783 0.25401191245616417 0.28536744270303016 0.35127804709950367 0.32452986007258533 0.43993207607129747 0.37014432321566865
leaf_weight=4.838150739669798 5.0800582766532916 3.6286130547523499 3.8705205917358354 4.1124281287193298 4.5962432026863089 4.1124281287193298 3.6286130547523499 5.805780887603758 7.0153185725212124
leaf_count=20 21 15 16 17 19 17 15 24 29
internal_value=0.357515 0.372318 0.355331 0.317375 0.332281 0.394152 0.287067 0.416746 0.352089
internal_weight=46.6882 34.109 24.6746 12.5792 15.4821 9.19249 7.74104 9.43439 10.8858
internal_count=193 141 102 52 64 38 32 39 45
is_linear=0
shrinkage=1


Tree=1
num_leaves=10
num_cat=0
split_feature=0 16 1 1 16 24 7 20 18
split_gain=11.2453 10.3802 8.37998 8.15068 5.45151 5.29705 4.7631 2.39156 1.20846
threshold=0.33105000000000007 -7.5000000000000002e-06 0.062200000000000005 0.082400000000000015 -0.00027549999999999997 18.580000000000002 0.69500000000000006 -0.00014218333772464766 0.00030600000000000001
decision_type=2 2 2 2 2 2 2 2 2
left_child=1 2 5 -2 -4 -1 -6 -3 -8
right_child=3 7 4 -5 6 -7 8 -9 -10
leaf_value=0.070932698566508398 -0.0031614764130476272 0.03298869523960983 0.021503384020208783 -0.08135779834815722 -0.0056042603540719547 -0.011052907879288218 -0.091919067085038844 0.083535198970825827 -0.051226433938911367
leaf_weight=4.2992707192897823 6.2783620655536634 5.9880250841379166 3.8882639408111546 7.1020732671022415 4.3753392398357391 3.6366543173789978 3.6508419066667557 3.8413179814815503 3.6471028625965118
leaf_count=18 26 25 16 29 18 15 15 16 15
internal_value=-0.00594751 0.00959785 -0.00845012 -0.0446666 -0.0297734 0.0333626 -0.0468532 0.0527423 -0.0715832
internal_weight=46.7073 33.3268 23.4975 13.3804 15.5615 7.93593 11.6733 9.82934 7.29794
internal_count=193 138 97 55 64 33 48 41 30
is_linear=0
shrinkage=0.05


Tree=2
num_leaves=10
num_cat=0
split_feature=0 16 24 3 10 20 22 20 5
split_gain=10.0997 9.479 7.43125 7.35574 7.23478 3.88505 3.59555 2.24259 2.18672
threshold=0.33105000000000007 -7.5000000000000002e-06 13.585000000000003 141.50000000000003 5.5527529583437669 -0.00028944786845940587 0.00022450000000000001 -0.00014218333772464766 0.70166666666666677
decision_type=2 2 2 2 2 2 2 2 2
left_child=1 2 4 8 -1 -4 -7 -3 -2
right_child=3 7 5 -5 -6 6 -8 -9 -10
leaf_value=-0.013778843831405438 -0.10038442992730766 0.031564590052332531 0.0096462821992548062 0.00010416375002959195 0.071385118292714697 -0.07378731016931199 -0.010555125368519498 0.08085070873110195 -0.046807636836887545
leaf_weight=5.559297904372217 3.9427480697631818 5.9463546574115753 3.8999456912279085 5.8280097097158432 4.5223658829927444 5.8786900937557238 3.6403258293867111 3.772155821323393 3.684011772274971
leaf_count=23 16 25 16 24 19 24 15 16 15
internal_value=-0.00564117 0.00916122 -0.00801459 -0.0421875 0.0244234 -0.0323853 -0.0496056 0.0506946 -0.0745048
internal_weight=46.6739 33.2191 23.5006 13.4548 10.0817 13.419 9.51902 9.71851 7.62676
internal_count=193 138 97 55 42 55 39 41 31
is_linear=0
shrinkage=0.05


Tree=3
num_leaves=10
num_cat=0
split_feature=0 16 1 1 26 24 25 10 20
split_gain=9.08415 8.66646 7.12437 6.80408 4.89862 4.60329 3.70974 6.25353 2.11625
threshold=0.33105000000000007 -7.5000000000000002e-06 0.062200000000000005 0.082400000000000015 5.1900000000000004 18.580000000000002 2.5000000000000004 5.3673236132560911 -0.00014218333772464766
decision_type=2 2 2 2 2 2 2 2 2
left_child=1 2 5 -2 6 -1 -4 -8 -3
right_child=3 8 4 -5 -6 -7 7 -9 -10
leaf_value=0.067132414219742628 -0.0019614538817964082 0.030207642145703657 -0.049922571668184347 -0.07308801156720296 -0.069880420819376621 -0.0096971494597939776 -0.034220136856772991 0.058237941955202099 0.078457274376808953
leaf_weight=4.1826459467411068 6.3028455823659879 5.9038940221071243 3.6576951593160612 7.2071762830018997 4.6853694021701804 3.6518333852291107 3.6784023344516754 3.6371908783912659 3.6948188543319684
leaf_count=18 26 25 15 29 19 15 15 15 16
internal_value=-0.00535567 0.00874949 -0.00760611 -0.0399053 -0.0270821 0.0313204 -0.00880816 0.0117485 0.0487803
internal_weight=46.6019 33.0918 23.4931 13.51 15.6587 7.83448 10.9733 7.31559 9.59871
internal_count=193 138 97 55 64 33 45 30 41
is_linear=0
shrinkage=0.05


Tree=4
num_leaves=10
num_cat=0
split_feature=0 16 3 24 10 26 19 10 0
split_gain=8.18803 7.93056 6.22221 6.1538 6.22264 2.95845 2.30927 1.98671 1.59189
threshold=0.33105000000000007 -7.5000000000000002e-06 141.50000000000003 13.585000000000003 5.5527529583437669 5.1900000000000004 -0.00019597289197018547 5.3390113104967432 0.24835000000000004
decision_type=2 2 2 2 2 2 2 2 2
left_child=1 3 7 4 -1 6 -5 -2 -3
right_child=2 8 -4 5 -6 -7 -8 -9 -10
leaf_value=-0.012438250069366334 -0.04106616240112624 0.067194226110877817 0.0011023142933560047 -0.035884360661836895 0.067208921924918563 -0.054742533194673954 0.02022074233849867 -0.091887787858717554 0.026194281969550277
leaf_weight=5.5736227184534091 3.7201371788978559 4.8025253713130933 5.8393950611352921 3.658312708139416 4.3789780586957932 6.1660091131925583 3.6779313385486621 3.9806468784809113 4.6692959517240524
leaf_count=23 15 21 24 15 19 25 15 16 20
internal_value=-0.00509105 0.00836837 -0.0378213 -0.0072253 0.0226052 -0.0292135 -0.00775679 -0.0673366 0.0469826
internal_weight=46.4669 32.9267 13.5402 23.4549 9.9526 13.5023 7.33624 7.70078 9.47182
internal_count=193 138 55 97 42 55 30 31 41
is_linear=0
shrinkage=0.05


Tree=5
num_leaves=11
num_cat=0
split_feature=13 6 13 0 20 20 3 18 1 16
split_gain=6.81665 9.87465 5.91178 5.65206 5.25854 5.61928 5.07525 3.25602 2.6509 2.50073
threshold=0.19887994074012091 0.55500000000000016 0.68936416299348091 0.17745000000000002 -0.00028944786845940587 -0.00019035515914663084 116.50000000000001 0.00028650000000000003 0.065150000000000013 -8.5499999999999991e-05
decision_type=2 2 2 2 2 2 2 2 2 2
left_child=1 6 8 -3 -5 7 -1 -6 -2 -4
right_child=2 3 9 4 5 -7 -8 -9 -10 -11
leaf_value=-0.091048094009798755 0.082369034302669245 -0.046541044999880772 -0.034597662077983371 0.051877735062374641 -0.064683099055520166 0.035649826839765288 -0.014906747782683539 0.00033433391845464396 0.02600223420774013 0.024464007065914877
leaf_weight=4.9830642193555814 4.4803297221660596 4.5162145048379925 3.6640768349170685 6.6057799607515344 3.6391259133815765 5.5547539889812469 3.9025373011827469 4.0895504206418991 3.9029008597135544 3.5082640200853339
leaf_count=20 19 19 15 28 15 24 16 17 16 15
internal_value=0.000291045 -0.0124768 0.027616 0.00395432 0.0154202 -0.00270989 -0.057607 -0.0302798 0.0561269 -0.00570836
internal_weight=48.8466 33.291 15.5556 24.4054 19.8892 13.2834 8.8856 7.72868 8.38323 7.17234
internal_count=204 139 65 103 84 56 36 32 35 30
is_linear=0
shrinkage=0.05


Tree=6
num_leaves=10
num_cat=0
split_feature=2 10 0 15 1 6 10 13 1
split_gain=6.45755 7.10568 6.65775 5.60554 5.20933 5.58183 4.87175 3.84557 2.66999
threshold=0.58500000000000008 4.670067832030333 0.17745000000000002 9.5000000000000022e-06 0.051350000000000007 0.72500000000000009 4.7744801503274283 -0.49643206776786658 0.082400000000000015
decision_type=2 2 2 2 2 2 2 2 2
left_child=1 -1 -2 4 -4 6 -6 -8 -3
right_child=2 8 3 -5 5 -7 7 -9 -10
leaf_value=0.030815102441235379 -0.041796620387205358 -0.02067425377006216 0.065775227408947104 0.062099492220924306 -0.056831249031282741 0.045409181200367577 -0.02829255397973577 0.032346652326735156 -0.073381596419023878
leaf_weight=3.6132130920886985 5.0159862935543051 4.1545699089765531 3.4836875796318116 6.3634982109069815 4.8453486412763622 5.0132706314325324 4.9425410181283977 5.5508510619401887 5.6982686817646027
leaf_count=15 21 17 15 28 20 21 21 23 23
internal_value=0.000286672 -0.0291622 0.0115477 0.020408 0.00927751 -0.000393296 -0.0153632 0.0037847 -0.0511569
internal_weight=48.6812 13.4661 35.2152 30.1992 23.8357 20.352 15.3387 10.4934 9.85284
internal_count=204 55 149 128 100 85 64 44 40
is_linear=0
shrinkage=0.05


Tree=7
num_leaves=10
num_cat=0
split_feature=16 1 18 19 15 15 18 10 27
split_gain=5.99995 6.07792 6.04385 7.668 6.90653 5.16838 6.92609 3.42451 2.3355
threshold=0.00016150000000000005 0.072300000000000017 0.00033450000000000005 -0.00017158500485687947 -1.0000000180025095e-35 -2.4999999999999994e-06 0.00030350000000000006 4.8949986202841211 0.55000000000000016
decision_type=2 2 2 2 2 2 2 2 2
left_child=1 2 3 -1 7 6 -3 -5 -7
right_child=-2 5 -4 4 -6 8 -8 -9 -10
leaf_value=-0.043536577306222089 0.062640075889849975 -0.08306311475294835 0.067199891521496552 0.015830786293511423 -0.032689410846592916 0.028555844934766379 -0.0099005025748534758 0.082158664175547777 -0.019700225291270329
leaf_weight=6.2015853077173277 3.5733797401189795 5.958410397171976 4.3184292763471595 3.5973621606826818 3.5092756301164592 5.0092061609029752 7.0768194645643234 4.2392887026071548 5.0202191323041916
leaf_count=26 16 24 19 15 15 21 29 18 21
internal_value=0.000282877 -0.00467646 0.0142107 0.00117005 0.0256063 -0.022582 -0.0433432 0.0517113 0.00440132
internal_weight=48.504 44.9306 21.8659 17.5475 11.3459 23.0647 13.0352 7.83665 10.0294
internal_count=204 188 93 74 48 95 53 33 42
is_linear=0
shrinkage=0.05


Tree=8
num_leaves=12
num_cat=0
split_feature=13 6 13 15 0 5 1 10 24 25 1
split_gain=5.63827 7.84244 5.41195 4.85915 4.40098 4.35014 4.34666 4.84056 3.43792 2.7498 2.33077
threshold=0.19887994074012091 0.55500000000000016 0.68936416299348091 -3.1499999999999993e-05 0.17085000000000003 0.6150000000000001 0.09495000000000002 5.446735526761004 16.495000000000001 3.5000000000000004 0.065150000000000013
decision_type=2 2 2 2 2 2 2 2 2 2 2
left_child=1 5 10 -4 -3 -1 7 -6 9 -9 -2
right_child=2 4 3 -5 6 -7 -8 8 -10 -11 -12
leaf_value=-0.012274710893997551 0.078246530593484603 -0.047605533895031471 -0.046671863216497855 0.036083390304930428 -0.041643469929267839 -0.082859904972487602 0.063937197133500878 0.065718625475537668 -0.014770877459862259 0.0055322489477855567 0.024855495214717624
leaf_weight=3.9156240373849851 4.328726798295973 3.5993260890245464 3.6620211899280548 3.4401789605617514 4.6229432225227418 4.9324683547019958 3.4042236953973761 4.2757893949747068 4.8450241833925247 3.4123042076826096 3.8730161041021347
leaf_count=16 19 15 15 15 19 20 15 19 20 15 16
internal_value=0.000280083 -0.0113508 0.0253656 -0.0065867 0.00339843 -0.0516232 0.0123273 0.0020865 0.0182167 0.0390053 0.0530343
internal_weight=48.3116 33.0077 15.3039 7.1022 24.1596 8.84809 20.5603 17.1561 12.5331 7.68809 8.20174
internal_count=204 139 65 30 103 36 88 73 54 34 35
is_linear=0
shrinkage=0.05


Tree=9
num_leaves=11
num_cat=0
split_feature=16 11 18 0 19 27 25 21 16 16
split_gain=5.37702 4.25519 6.12807 6.38453 5.12438 4.4544 3.23356 4.00997 3.72691 2.84008
threshold=0.00016150000000000005 0.45500000000000007 0.00018750000000000003 0.17745000000000002 -0.00038714443989976822 0.55000000000000016 3.5000000000000004 6.5500000000000006e-05 -0.00010399999999999999 -0.00021299999999999997
decision_type=2 2 2 2 2 2 2 2 2 2
left_child=1 2 -1 -4 -5 -3 7 -6 -8 -9
right_child=-2 5 3 4 6 -7 8 9 -10 -11
leaf_value=0.064867089173874876 0.060275904455543698 -0.0048988843546006397 -0.061365735723755227 0.063183900024540177 0.042544459222600355 -0.075039295384801225 -0.057664051227870119 0.024796229884914874 0.0057228875833569906 -0.033410316911905914
leaf_weight=3.6513347029685965 3.4649139195680609 5.360429182648657 4.1480926126241711 3.3445912748575237 6.1435803472995785 3.9180436432361603 4.645394966006279 3.4883209615945825 4.630393370985983 5.2493600845336887
leaf_count=16 16 22 17 15 26 16 19 15 20 22
internal_value=0.00027735 -0.004386 0.00353365 -0.0035422 0.00517936 -0.0345172 -0.00285148 0.0115911 -0.0260218 -0.0101727
internal_weight=48.0445 44.5795 35.3011 31.6497 27.5016 9.27847 24.157 14.8813 9.27579 8.73768
internal_count=204 188 150 134 117 38 102 63 39 37
is_linear=0
shrinkage=0.05


Tree=10
num_leaves=11
num_cat=0
split_feature=0 26 24 9 9 19 15 20 27 5
split_gain=7.69461 5.194 4.3183 4.01522 5.07558 2.88483 5.05088 2.44662 2.43939 3.99651
threshold=0.37165000000000009 -10.759999999999998 13.585000000000003 6.0185225255703729 4.8277866756058545 -0.00025168963175548927 -5.9499999999999989e-05 -0.00024101073403821736 0.55000000000000016 0.60500000000000009
decision_type=2 2 2 2 2 2 2 2 2 2
left_child=1 -1 5 4 -4 -3 -7 -8 9 -2
right_child=8 2 3 -5 -6 6 7 -9 -10 -11
leaf_value=-0.043458695890849108 0.02049712564893573 0.075629452039574413 0.023085299649672555 0.042945115784294885 -0.040576215856837662 -0.020576618363089452 0.019887795582529812 0.078422257212435509 -0.064514702447216951 -0.050076254540587561
leaf_weight=3.5198528468608847 3.8412953764200193 4.1388092637062064 5.8061402440071124 4.6910321265459052 6.7951593846082687 3.7319862842559806 3.3432852029800406 3.8305370658636093 3.9079711288213721 4.1987408548593521
leaf_count=15 16 19 25 20 28 16 15 17 16 17
internal_value=0.00264145 0.0142209 0.0204993 0.00345654 -0.0112437 0.0400884 0.0266003 0.0511429 -0.0321094 -0.0163583
internal_weight=47.8048 35.8568 32.3369 17.2923 12.6013 15.0446 10.9058 7.17382 11.948 8.04004
internal_count=204 155 140 73 53 67 48 32 49 33
is_linear=0
shrinkage=0.05


Tree=11
num_leaves=11
num_cat=0
split_feature=0 26 24 9 9 10 3 19 15 20
split_gain=6.97408 4.69046 3.98382 3.65117 4.57077 3.39887 2.782 2.74076 4.63933 2.31406
threshold=0.37165000000000009 -10.759999999999998 13.585000000000003 6.0185225255703729 4.8277866756058545 4.9807257542532737 120.00000000000001 -0.00025168963175548927 -5.9499999999999989e-05 -0.00024101073403821736
decision_type=2 2 2 2 2 2 2 2 2 2
left_child=1 -1 7 4 -4 -2 -7 -3 -9 -10
right_child=5 2 3 -5 -6 6 -8 8 9 -11
leaf_value=-0.040937519328371724 0.0062346922586868497 0.07381671403289683 0.022047057914692844 0.041155214673025825 -0.038396766280368713 -0.078009035718307473 -0.01822190725064186 -0.019474343858336959 0.01900422287076858 0.076334557352977353
leaf_weight=3.5490089505910865 4.1100869923830015 4.0311525464057913 5.7763595730066317 4.6513200700283042 6.8211099356412888 4.1437766700983047 3.668087512254715 3.7456956952810279 3.3242850899696341 3.740805059671402
leaf_count=15 17 19 25 20 28 17 15 16 15 17
internal_value=0.00253281 0.0136065 0.0196387 0.003297 -0.0106813 -0.030571 -0.0499358 0.0386304 0.02551 0.0493593
internal_weight=47.5617 35.6397 32.0907 17.2488 12.5975 11.922 7.81186 14.8419 10.8108 7.06509
internal_count=204 155 140 73 53 49 32 67 48 32
is_linear=0
shrinkage=0.05


Tree=12
num_leaves=11
num_cat=0
split_feature=0 1 15 3 16 22 10 10 3 1
split_gain=6.32937 3.40618 4.994 3.61044 6.02702 3.08895 3.08884 2.67062 2.5766 1.64627
threshold=0.37165000000000009 0.050100000000000013 -1.9499999999999996e-05 227.00000000000003 -0.00022449999999999995 -1.1499999999999998e-05 4.9807257542532737 5.7727876793243782 120.00000000000001 0.077750000000000014
decision_type=2 2 2 2 2 2 2 2 2 2
left_child=1 -1 3 4 -3 -4 -2 -6 -8 -7
right_child=6 2 5 -5 7 9 8 -9 -10 -11
leaf_value=0.054206137128701738 0.0059273062443458303 0.02330223576143118 -0.010522971546271227 0.0274984687242181 -0.074793689092393409 0.016539940155845249 -0.074931128747588005 -0.019504782014062499 -0.017276638219983924 0.060306084920379047
leaf_weight=4.3979414254426947 4.1071496903896314 4.5838336795568457 3.3283742368221274 4.7863670140504828 4.422731280326845 3.2584365904331225 4.0993945747613907 4.3150684982538223 3.6751543879508972 6.3085774183273315
leaf_count=20 17 19 15 21 18 15 17 18 15 29
internal_value=0.00242927 0.0130273 0.00718599 -0.00974848 -0.023131 0.0309658 -0.0291475 -0.0474899 -0.0476769 0.0453997
internal_weight=47.283 35.4013 31.0034 18.108 13.3216 12.8954 11.8817 8.7378 7.77455 9.56701
internal_count=204 155 135 76 55 59 49 36 32 44
is_linear=0
shrinkage=0.05


Tree=13
num_leaves=10
num_cat=0
split_feature=0 24 26 20 1 15 16 27 3
split_gain=5.74713 4.28276 3.41119 3.41963 2.797 3.62082 8.40872 2.29743 3.13488
threshold=0.37165000000000009 30.355000000000004 -8.1949999999999985 -0.00014774038005338031 0.062200000000000005 -1.2499999999999997e-05 -0.00013949999999999998 0.55000000000000016 120.00000000000001
decision_type=2 2 2 2 2 2 2 2 2
left_child=1 2 -1 4 -4 6 -6 8 -2
right_child=7 -3 3 -5 5 -7 -8 -9 -10
leaf_value=-0.023925589421074041 -0.042679649884067743 -0.024143777485405877 0.049363052467650465 0.070279836776224944 0.034265342720307977 0.037904392136313858 -0.061713010507892657 -0.05939417872285372 0.020126893319797109
leaf_weight=3.7127276957035056 4.1268711686134321 6.5079867243766776 5.6940974295139375 3.9258329272270229 4.7699634134769466 6.1743447184562639 4.3752343654632559 3.8737319558858871 3.8312467783689499
leaf_count=16 17 27 26 20 20 28 18 16 16
internal_value=0.00232804 0.0124715 0.0207881 0.0274447 0.0194421 0.00832077 -0.0116525 -0.0278147 -0.0124429
internal_weight=46.992 35.1602 28.6522 24.9395 21.0136 15.3195 9.1452 11.8318 7.95812
internal_count=204 155 128 112 92 66 38 49 33
is_linear=0
shrinkage=0.05


Tree=14
num_leaves=12
num_cat=0
split_feature=0 26 24 0 10 9 9 19 15 5 20
split_gain=5.21965 3.8973 3.47335 3.40973 2.75653 2.72719 5.855 2.50734 3.90481 2.32082 2.18439
threshold=0.37165000000000009 -10.759999999999998 13.585000000000003 0.19355000000000003 4.9807257542532737 4.8922112226885952 6.0185225255703729 -0.00025168963175548927 -5.9499999999999989e-05 0.60500000000000009 -0.00024101073403821736
decision_type=2 2 2 2 2 2 2 2 2 2 2
left_child=1 -1 7 -4 -2 -5 -7 -3 -9 -6 -10
right_child=4 2 3 5 9 6 -8 8 10 -11 -12
leaf_value=-0.037505816721369017 0.0065939535427853337 0.070643035110556557 -0.034588200018719005 0.051272147716243416 -0.015522499326151202 -0.033981638775508374 0.049600364505146349 -0.017876727912239276 0.016178013994811957 -0.070518938530763076 0.073002324804944868
leaf_weight=3.5748040527105323 4.0959307402372342 3.7880578935146323 4.5723131448030498 3.7901100963354102 3.6801301240921021 5.0920462012290937 3.5602520853281021 3.7318611145019522 3.2430068701505652 4.006886899471283 3.5344289541244542
leaf_count=15 17 19 19 17 15 21 16 16 15 17 17
internal_value=0.00223597 0.0119538 0.0176004 0.0023352 -0.0265365 0.0159037 0.000410726 0.035767 0.023196 -0.0441896 0.0458119
internal_weight=46.6698 34.8869 31.3121 17.0147 11.7829 12.4424 8.6523 14.2974 10.5093 7.68702 6.77744
internal_count=204 155 140 73 49 54 37 67 48 32 32
is_linear=0
shrinkage=0.05


Tree=15
num_leaves=11
num_cat=0
split_feature=16 0 13 0 13 9 0 9 26 9
split_gain=4.09356 5.59909 5.30472 5.0751 4.70181 4.6545 4.84456 4.43195 5.08508 2.0866
threshold=0.00016150000000000005 0.18125000000000002 0.80900843742868289 0.33105000000000007 0.033714798840409357 6.060969766271775 0.28000000000000008 4.7023697049128685 2.6100000000000008 4.7023697049128685
decision_type=2 2 2 2 2 2 2 2 2 2
left_child=1 -1 3 5 9 6 7 -3 -9 -5
right_child=-2 2 -4 4 -6 -7 -8 8 -10 -11
leaf_value=-0.060586263010698894 0.056430342702307179 0.038144126102465259 -0.052903651081190543 -0.058914180649783536 0.025314795837809115 0.075599117746558434 0.065937294015553261 0.01686611798189655 -0.057755671171118551 -0.0091896855130086785
leaf_weight=3.7878727018833152 3.1579883098602286 5.0710753798484864 3.806264951825141 4.8018900603055936 4.6661522835493079 3.6672944724559775 3.5537612438201895 4.6024311780929548 4.5301480442285538 3.7632205188274384
leaf_count=16 16 23 16 20 20 17 16 20 19 16
internal_value=0.00151896 -0.00258539 0.0031267 0.00928051 -0.0150673 0.024317 0.0137261 0.000662868 -0.0201495 -0.0370669
internal_weight=45.4081 42.2501 38.4622 34.656 13.2313 21.4247 17.7574 14.2037 9.13258 8.56511
internal_count=199 183 167 151 56 95 78 62 39 36
is_linear=0
shrinkage=0.05


Tree=16
num_leaves=11
num_cat=0
split_feature=0 0 10 10 5 20 21 27 3 16
split_gain=3.6471 5.17635 4.56875 3.79115 6.69167 3.92412 3.70589 2.7895 2.03106 0.399256
threshold=0.33105000000000007 0.17745000000000002 4.9807257542532737 4.7107898744637611 0.55500000000000005 -0.00028944786845940587 0.00011450000000000002 0.55000000000000016 120.00000000000001 -6.1999999999999989e-05
decision_type=2 2 2 2 2 2 2 2 2 2
left_child=1 -1 -2 7 5 -5 -7 -3 -4 -6
right_child=2 3 8 4 9 6 -8 -9 -10 -11
leaf_value=-0.038775788773723965 0.016752119703972373 0.018569035362341522 -0.06815140748069777 0.049740476094090977 0.081426060922433763 -0.048680590121860989 0.020173761544665575 -0.042181139616454734 -0.020153978810229844 0.057217334075555654
leaf_weight=4.4329328387975719 5.4583335518836966 3.9914651513099697 3.939466863870619 3.9110165089368865 3.8733003586530685 3.6231251657009098 4.2424573451280594 3.5883993804454803 5.0034282058477402 3.039729416370391
leaf_count=19 23 18 17 18 17 16 20 15 21 15
internal_value=0.00146425 0.0112018 -0.0192956 0.0196355 0.031732 0.00880953 -0.0115426 -0.0101908 -0.0412975 0.0707812
internal_weight=45.1037 30.7024 14.4012 26.2695 18.6896 11.7766 7.86558 7.57986 8.9429 6.91303
internal_count=199 138 61 119 86 54 36 33 38 32
is_linear=0
shrinkage=0.05


Tree=17
num_leaves=11
num_cat=0
split_feature=0 0 10 10 5 20 21 27 3 16
split_gain=3.31513 4.68886 4.15201 3.47236 6.24451 3.60228 3.32419 2.51439 1.91735 0.366043
threshold=0.33105000000000007 0.17745000000000002 4.9807257542532737 4.7107898744637611 0.55500000000000005 -0.00028944786845940587 0.00011450000000000002 0.55000000000000016 120.00000000000001 -6.1999999999999989e-05
decision_type=2 2 2 2 2 2 2 2 2 2
left_child=1 -1 -2 7 5 -5 -7 -3 -4 -6
right_child=2 3 8 4 9 6 -8 -9 -10 -11
leaf_value=-0.036727424041611667 0.01595347105465229 0.017729616723734742 -0.065934606399951315 0.048097470418528028 0.079067178126955656 -0.04588428165036143 0.019285899985582118 -0.039980451157252933 -0.019094039409667359 0.055630383464143389
leaf_weight=4.4458065330982235 5.445342704653739 3.9719306230545071 3.8700836002826673 3.8441030234098479 3.7914799302816391 3.6509782075881931 4.2165535986423492 3.5964004397392273 5.0167615711688995 2.9718565493822089
leaf_count=19 23 18 17 18 17 16 20 15 21 15
internal_value=0.00140687 0.01073 -0.0184264 0.0188314 0.0305168 0.00842659 -0.0109567 -0.00969367 -0.0394924 0.0687689
internal_weight=44.8213 30.4891 14.3322 26.0433 18.475 11.7116 7.86753 7.56833 8.88685 6.76334
internal_count=199 138 61 119 86 54 36 33 38 32
is_linear=0
shrinkage=0.05


Tree=18
num_leaves=11
num_cat=0
split_feature=26 2 10 24 0 9 26 18 19 10
split_gain=3.05723 3.34194 4.60713 4.1865 3.80862 3.75683 5.10653 2.39877 3.05272 2.12067
threshold=-9.0599999999999969 0.58500000000000008 4.9807257542532737 13.585000000000003 0.18440000000000004 6.0185225255703729 4.6400000000000015 0.00025150000000000004 -0.00022081563399859092 5.9830290425437118
decision_type=2 2 2 2 2 2 2 2 2 2
left_child=-1 2 -2 7 -5 6 -6 -3 -9 -4
right_child=1 3 9 4 5 -7 -8 8 -10 -11
leaf_value=-0.035350576625884499 0.02382513450647791 0.071876638049118077 -0.067394673906535529 -0.047672548715655863 0.037024240516556083 0.058395140178480825 -0.034451866187704593 0.056713261607957956 -0.012274268642137475 -0.01492623171131742
leaf_weight=5.032316952943801 4.6627697646617872 3.8986450135707873 3.5674410164356232 3.3009022921323803 4.4772848933935148 3.323137402534484 5.655132532119751 3.2002907693386078 3.2139763981103897 4.1850428581237793
leaf_count=22 20 19 15 14 20 16 24 16 15 18
internal_value=0.00135239 0.00603019 -0.0154489 0.0158815 0.000455398 0.0122621 -0.0028682 0.0409459 0.0221459 -0.0390705
internal_weight=44.5169 39.4846 12.4153 27.0694 16.7565 13.4556 10.1324 10.3129 6.41427 7.75248
internal_count=199 177 53 124 74 60 44 50 31 33
is_linear=0
shrinkage=0.05


Tree=19
num_leaves=11
num_cat=0
split_feature=0 0 10 10 5 20 21 18 1 22
split_gain=2.8216 4.02736 3.45028 3.15555 5.88776 3.27599 2.92561 2.46872 1.81417 0.231415
threshold=0.33105000000000007 0.17745000000000002 4.9807257542532737 4.7107898744637611 0.55500000000000005 -0.00028944786845940587 0.00011450000000000002 0.00029850000000000005 0.084200000000000011 9.3500000000000009e-05
decision_type=2 2 2 2 2 2 2 2 2 2
left_child=1 -1 -2 7 5 -5 -7 -3 -4 -6
right_child=2 3 8 4 9 6 -8 -9 -10 -11
leaf_value=-0.03407560661791513 0.014319609414777957 0.016365850150071328 -0.017701677781321715 0.045920206705016064 0.05657451975642766 -0.043622024474427035 0.017704045638245298 -0.041271629501039492 -0.06403024649197657 0.075431170378259721
leaf_weight=4.4220260381698635 5.4127124398946753 4.1128455549478558 5.2234000712633115 3.737279132008557 3.0112523734569541 3.6559982746839497 4.1549143046140671 3.3883709162473679 3.5487124919891357 3.5395730435848236
leaf_count=19 23 18 22 18 15 16 20 15 16 17
internal_value=0.00130412 0.00998696 -0.0170732 0.0175981 0.0288992 0.0074205 -0.0110004 -0.00966955 -0.0364437 0.0667632
internal_weight=44.2071 30.0223 14.1848 25.6002 18.099 11.5482 7.81091 7.50122 8.77211 6.55083
internal_count=199 138 61 119 86 54 36 33 38 32
is_linear=0
shrinkage=0.05


Tree=20
num_leaves=11
num_cat=0
split_feature=0 15 24 5 27 9 9 16 22 27
split_gain=5.9163 6.17032 3.84142 3.7265 3.74141 3.24974 2.80258 2.73436 1.994 1.31736
threshold=0.33105000000000007 9.5000000000000022e-06 3.2050000000000005 0.59333333333333349 0.63350000000000006 5.395963301104902 5.2600927804663344 -2.1499999999999997e-05 9.3500000000000009e-05 0.81650000000000011
decision_type=2 2 2 2 2 2 2 2 2 2
left_child=1 3 -2 4 5 -1 -5 -4 -3 -6
right_child=2 8 7 6 9 -7 -8 -9 -10 -11
leaf_value=-0.01134601285204713 0.015340141689936082 0.070401818098471916 -0.017317893961034721 -0.0065625072715003426 0.02854443603126738 -0.079313108645354083 0.054793925133202685 -0.069579436333601793 0.020351036227269741 -0.014866419969799486
leaf_weight=3.5710828751325661 3.4953182339668265 4.3490543812513334 4.6420998871326438 3.6547188907861701 3.4934347122907639 3.4652931392192841 3.7923582792282104 5.4309947043657294 3.6685479134321213 3.4970757365226746
leaf_count=16 15 22 20 16 16 15 18 24 19 15
internal_value=-0.00249967 0.0100714 -0.0298236 -0.00390322 -0.0190799 -0.0448186 0.0246827 -0.0454951 0.0475005 0.0068277
internal_weight=43.06 29.4916 13.5684 21.474 14.0269 7.03638 7.44708 10.0731 8.0176 6.99051
internal_count=196 137 59 96 62 31 34 44 41 31
is_linear=0
shrinkage=0.05


Tree=21
num_leaves=10
num_cat=0
split_feature=0 15 24 18 3 27 20 16 24
split_gain=5.36862 5.70188 3.48773 3.81448 3.37498 3.44174 3.71064 3.29415 1.91952
threshold=0.33105000000000007 9.5000000000000022e-06 3.2050000000000005 0.00018750000000000003 120.00000000000001 0.55000000000000016 -0.0002497269760623699 -0.00012749999999999998 18.580000000000002
decision_type=2 2 2 2 2 2 2 2 2
left_child=1 4 -2 -4 7 -6 -7 -1 -3
right_child=2 8 3 -5 5 6 -8 -9 -10
leaf_value=0.064196839845854101 0.014587281268196722 0.066490295323500537 -0.011734973186469244 -0.073443078470063802 -0.047805652226315408 0.035943096839059566 -0.030977330823876492 -0.0038399903696220827 0.016144034054354016
leaf_weight=2.9848785847425461 3.4920140206813803 4.6722801029682151 4.8748389780521375 5.1500319540500641 5.7550857514142981 4.1485440284013757 4.1372201442718479 4.4040100425481858 3.1829186528921127
leaf_count=14 15 26 21 23 25 19 18 20 15
internal_value=-0.00238122 0.00964935 -0.028446 -0.043436 -0.0037082 -0.0181025 0.00252861 0.0236447 0.04609
internal_weight=42.8018 29.2849 13.5169 10.0249 21.4297 14.0408 8.28576 7.38889 7.8552
internal_count=196 137 59 44 96 62 37 34 41
is_linear=0
shrinkage=0.05


Tree=22
num_leaves=10
num_cat=0
split_feature=0 15 0 11 26 24 18 18 22
split_gain=4.88697 5.28196 3.28761 4.74383 3.60644 3.18431 3.56985 2.60501 1.97275
threshold=0.33105000000000007 9.5000000000000022e-06 0.27845000000000003 0.27500000000000008 1.1700000000000002 3.2050000000000005 0.00018750000000000003 0.00036450000000000008 9.3500000000000009e-05
decision_type=2 2 2 2 2 2 2 2 2
left_child=1 2 3 4 -1 -2 -7 -5 -3
right_child=5 8 -4 7 -6 6 -8 -9 -10
leaf_value=-0.023039215516867821 0.013871965800968165 0.068347048611336919 0.039780075809873652 -0.060471417842502956 0.040418587758375951 -0.011140261884779437 -0.07109387757276725 -0.0039179950184016757 0.017525307513767237
leaf_weight=3.9668644368648618 3.4885669052600852 4.1245990991592398 3.6375011801719657 5.3497569262981397 5.1401930302381516 4.8782329559326154 5.0565696358680725 3.2876012027263641 3.555469885468483
leaf_count=18 15 22 17 23 23 21 23 15 19
internal_value=-0.00227255 0.00925238 -0.00352271 -0.0123995 0.0127776 -0.0272244 -0.0416552 -0.0389457 0.0448192
internal_weight=42.4854 29.062 21.3819 17.7444 9.10706 13.4234 9.9348 8.63736 7.68007
internal_count=196 137 96 79 41 59 44 38 41
is_linear=0
shrinkage=0.05


Tree=23
num_leaves=11
num_cat=0
split_feature=0 15 5 27 20 3 0 9 9 24
split_gain=4.44962 4.88454 3.00929 2.93537 3.16312 2.91902 4.84621 2.91345 2.52302 1.93418
threshold=0.33105000000000007 9.5000000000000022e-06 0.59333333333333349 0.63350000000000006 -0.00023266867198097431 120.00000000000001 0.43110000000000004 5.395963301104902 5.2600927804663344 18.580000000000002
decision_type=2 2 2 2 2 2 2 2 2 2
left_child=1 2 3 7 -5 -2 -7 -1 -4 -3
right_child=5 9 8 4 -6 6 -8 -9 -10 -11
leaf_value=-0.0079547195532567432 -0.052857856805823403 0.064811358851295436 -0.0068906400418121535 0.039640519951018915 -0.02789221532702504 -0.043794660267726826 0.03638221461207717 -0.071994315334268241 0.051913744966041356 0.013323632274983014
leaf_weight=3.6090901345014625 5.7673845440149289 4.4096800833940497 3.6248478293418875 3.5073966085910797 3.429123654961586 3.9587332457304001 3.5973750352859497 3.4968174695968628 3.6717351973056793 3.1107465326786041
leaf_count=16 27 26 16 16 15 17 15 15 18 15
internal_value=-0.00216993 0.00886395 -0.00334763 -0.0168825 0.00625518 -0.0260699 -0.00562339 -0.0394686 0.0227005 0.043514
internal_weight=42.1829 28.8594 21.339 14.0424 6.93652 13.3235 7.55611 7.10591 7.29658 7.52043
internal_count=196 137 96 62 31 59 32 31 34 41
is_linear=0
shrinkage=0.05


Tree=24
num_leaves=10
num_cat=0
split_feature=18 3 1 26 24 21 16 24 18
split_gain=4.19848 4.03651 3.34745 3.32164 3.5716 2.90725 3.00478 2.26406 1.94196
threshold=0.00031300000000000007 82.500000000000014 0.051350000000000007 -5.6749999999999998 21.295000000000005 0.00016450000000000001 -4.2499999999999996e-05 4.6900000000000004 0.00023650000000000003
decision_type=2 2 2 2 2 2 2 2 2
left_child=2 -2 -1 -4 7 6 -3 -5 -9
right_child=1 5 3 4 -6 -7 -8 8 -10
leaf_value=0.0238907205826807 0.066369106622063009 -0.040104079091025591 -0.064387729661038715 -0.0288377737122834 -0.046189087424397562 0.0416675780316908 0.021884108889886986 -0.0041727155432789709 0.044430959574418519
leaf_weight=4.8014066368341473 3.4704086109995833 4.3425953686237326 3.847725227475169 4.0875978767871883 5.6613768041133872 3.6683432012796402 3.5555961877107611 4.8251058310270292 3.5799413323402405
leaf_count=22 19 19 17 19 26 17 17 22 18
internal_value=-0.00207092 0.0190753 -0.0139342 -0.0221887 -0.0132447 0.00488532 -0.0121983 0.00168493 0.0165289
internal_weight=41.8401 15.0369 26.8032 22.0017 18.154 11.5665 7.89819 12.4926 8.40505
internal_count=196 72 124 102 85 53 36 59 40
is_linear=0
shrinkage=0.05


end of trees

feature_importances:
entry_edge=31
own_ask_size_log=20
btc_ret_60s=19
session_pnl=18
entry_p_up=17
binance_chainlink_divergence=15
own_bid_size_log=14
btc_ret_30s=13
pnl_30min=13
entry_seconds_left=12
sigma_5m=12
wr_30min_filled=10
time_frac=9
book_imbalance=8
btc_distance_from_open=7
ret60s_align=6
ret30s_align=5
entry_price=3
own_bid=3
closes_30min=3
opp_bid=2
own_ask=1

parameters:
[boosting: gbdt]
[objective: binary]
[metric: binary_logloss]
[tree_learner: serial]
[device_type: cpu]
[data_sample_strategy: bagging]
[data: ]
[valid: ]
[num_iterations: 25]
[learning_rate: 0.05]
[num_leaves: 15]
[num_threads: 0]
[seed: 42]
[deterministic: 0]
[force_col_wise: 0]
[force_row_wise: 0]
[histogram_pool_size: -1]
[max_depth: -1]
[min_data_in_leaf: 15]
[min_sum_hessian_in_leaf: 0.001]
[bagging_fraction: 0.85]
[pos_bagging_fraction: 1]
[neg_bagging_fraction: 1]
[bagging_freq: 5]
[bagging_seed: 400]
[bagging_by_query: 0]
[feature_fraction: 0.85]
[feature_fraction_bynode: 1]
[feature_fraction_seed: 30056]
[extra_trees: 0]
[extra_seed: 12879]
[early_stopping_round: 0]
[early_stopping_min_delta: 0]
[first_metric_only: 0]
[max_delta_step: 0]
[lambda_l1: 0]
[lambda_l2: 0]
[linear_lambda: 0]
[min_gain_to_split: 0]
[drop_rate: 0.1]
[max_drop: 50]
[skip_drop: 0.5]
[xgboost_dart_mode: 0]
[uniform_drop: 0]
[drop_seed: 17869]
[top_rate: 0.2]
[other_rate: 0.1]
[min_data_per_group: 100]
[max_cat_threshold: 32]
[cat_l2: 10]
[cat_smooth: 10]
[max_cat_to_onehot: 4]
[top_k: 20]
[monotone_constraints: ]
[monotone_constraints_method: basic]
[monotone_penalty: 0]
[feature_contri: ]
[forcedsplits_filename: ]
[refit_decay_rate: 0.9]
[cegb_tradeoff: 1]
[cegb_penalty_split: 0]
[cegb_penalty_feature_lazy: ]
[cegb_penalty_feature_coupled: ]
[path_smooth: 0]
[interaction_constraints: ]
[verbosity: -1]
[saved_feature_importance_type: 0]
[use_quantized_grad: 0]
[num_grad_quant_bins: 4]
[quant_train_renew_leaf: 0]
[stochastic_rounding: 1]
[linear_tree: 0]
[max_bin: 255]
[max_bin_by_feature: ]
[min_data_in_bin: 3]
[bin_construct_sample_cnt: 200000]
[data_random_seed: 175]
[is_enable_sparse: 1]
[enable_bundle: 1]
[use_missing: 1]
[zero_as_missing: 0]
[feature_pre_filter: 1]
[pre_partition: 0]
[two_round: 0]
[header: 0]
[label_column: ]
[weight_column: ]
[group_column: ]
[ignore_column: ]
[categorical_feature: ]
[forcedbins_filename: ]
[precise_float_parser: 0]
[parser_config_file: ]
[objective_seed: 16083]
[num_class: 1]
[is_unbalance: 0]
[scale_pos_weight: 1]
[sigmoid: 1]
[boost_from_average: 1]
[reg_sqrt: 0]
[alpha: 0.9]
[fair_c: 1]
[poisson_max_delta_step: 0.7]
[tweedie_variance_power: 1.5]
[lambdarank_truncation_level: 30]
[lambdarank_norm: 1]
[label_gain: ]
[lambdarank_position_bias_regularization: 0]
[eval_at: ]
[multi_error_top_k: 1]
[auc_mu_weights: ]
[num_machines: 1]
[local_listen_port: 12400]
[time_out: 120]
[machine_list_filename: ]
[machines: ]
[gpu_platform_id: -1]
[gpu_device_id: -1]
[gpu_use_dp: 0]
[num_gpu: 1]

end of parameters

pandas_categorical:null
