tree
version=v4
num_class=1
num_tree_per_iteration=1
label_index=0
max_feature_idx=40
objective=binary sigmoid:1
feature_names=Column_0 Column_1 Column_2 Column_3 Column_4 Column_5 Column_6 Column_7 Column_8 Column_9 Column_10 Column_11 Column_12 Column_13 Column_14 Column_15 Column_16 Column_17 Column_18 Column_19 Column_20 Column_21 Column_22 Column_23 Column_24 Column_25 Column_26 Column_27 Column_28 Column_29 Column_30 Column_31 Column_32 Column_33 Column_34 Column_35 Column_36 Column_37 Column_38 Column_39 Column_40
feature_infos=[30:289] [0.10000000000000001:0.96333333333333337] [-0.0025010000000000002:0.0025100000000000001] [-0.0022390000000000001:0.0029039999999999999] [0.00016200000000000001:0.0036440000000000001] [-0.0035543215954388792:0.0021612352769147] [0.050000000000000003:0.95999999999999996] [0.040000000000000001:0.94999999999999996] [0:0.040000000000000036] [0:10.114119559889266] [0:10.087913560086104] [0.050000000000000003:0.95999999999999996] [0.040000000000000001:0.94999999999999996] [0:0.040000000000000036] [0:10.087913560086104] [0:10.114119559889266] [-1:1] [-1:1] [0.044999999999999998:0.95499999999999996] [4.9199809258281251:12.662519166062431] [0.89000000000000001:5.7670000000000003] [0.001:0.51700000000000002] [0.001:0.51700000000000002] [0:1] [0.050000000000000003:0.59999999999999998] [0.040000000000000001:0.58999999999999997] [0:0.03999999999999998] [-0.03999999999999998:0] [0:10.087913560086104] [0:10.114119559889266] [0.050000000000000003:0.94999999999999996] [0.036400000000000002:0.69299999999999995] [0.036400000000000002:0.69299999999999995] [-0.70299999999999996:-0.046399999999999997] [0.082799999999999999:1.3959999999999999] [6:100] [0:0.69799999999999995] [0:1] [-0.0029388215981828399:0.001691061651382366] [-0.0012865834292411749:0.00061549999725613817] [0:4.2199999999999998]
tree_sizes=3313 3423 3426 3417 3425 3422 3433 3422 3418 3418 3446 3432 3448 3438 3454 3422 3445 3444 3437 3426

Tree=0
num_leaves=31
num_cat=0
split_feature=5 19 33 36 4 0 3 11 20 4 3 4 20 4 3 34 34 4 33 0 7 9 34 15 9 2 21 20 19 17
split_gain=137.669 78.5681 66.0087 32.6509 30.7837 29.1245 35.5191 25.3818 31.3855 23.9368 24.7042 23.4231 22.7634 22.1077 14.1232 14.0479 13.1107 10.7719 7.37154 6.86172 4.89486 4.23307 2.46583 5.25122 2.30324 0.757867 0.752401 2.36642 0.17135 0.0482798
threshold=-0.00046152563417748154 11.68138464976478 -0.20084999999999997 0.14150000000000004 0.0005685000000000001 134.50000000000003 0.0006175000000000001 0.60500000000000009 1.8925000000000003 0.00097500000000000006 -0.00073599999999999989 0.0010185000000000001 2.0965000000000003 0.0014600000000000001 0.00024850000000000008 0.34120000000000006 0.21170000000000003 0.0010055000000000001 -0.20254999999999998 245.50000000000003 0.83500000000000008 4.9797243574782692 0.33420000000000005 6.1350881735737195 7.0145552550717776 0.00029950000000000002 0.028500000000000004 1.7870000000000001 12.284319870516354 -0.2524295201980688
decision_type=2 2 2 2 2 2 2 2 2 2 2 2 2 2 2 2 2 2 2 2 2 2 2 2 2 2 2 2 2 2
left_child=2 7 4 5 -1 20 11 8 13 26 -11 14 19 21 15 -7 -4 -14 -16 -10 22 -2 23 -3 25 29 -6 -28 -24 -23
right_child=1 3 16 -5 9 6 -8 -9 12 10 -12 -13 17 -15 18 -17 -18 -19 -20 -21 -22 24 28 -25 -26 -27 27 -29 -30 -31
leaf_value=0.55881604432878262 0.58689033084197084 0.50324520736143308 0.50733060955863041 0.59836639099184497 0.62884910961768448 0.54829253060764127 0.60059516872676821 0.5318858792388157 0.55631404381601512 0.55209839926295057 0.62919907861953384 0.50360739691600021 0.61412168485857643 0.54573135005165685 0.54557946618085396 0.60443931369524484 0.56392213392439672 0.55699778180992376 0.50882993016633293 0.51514210890016554 0.53000833363178279 0.62511031526617233 0.49873089374387314 0.53541435283795591 0.600416478426404 0.61470518131209806 0.60435619232661564 0.62919907867393388 0.50430542722077087 0.62919907875315018
leaf_weight=10.229737943038343 4.7862441577017334 11.039755903184416 6.9542187694460136 6.8109533358365288 30.002655915915966 11.865541409701111 8.7575439587235433 10.6974182408303 6.4622319005429771 9.338439077138899 6.2390921264886847 14.989049959927796 6.6656081397086364 5.3194210752844802 12.198095228523018 6.0582158025354138 7.8358446210622787 5.3600144870579243 8.2246988415718061 8.3510897736996395 13.065735058858989 4.0354498177766835 10.347350165247919 7.789114808663725 5.2114818673580876 6.2095099464058867 5.2530127651989451 10.05894443951547 9.5361131709068996 7.3022843319922703
leaf_count=65 37 50 37 65 236 69 64 62 41 54 49 71 54 37 70 45 53 38 38 46 71 34 45 43 39 47 40 83 45 63
internal_value=0.563436 0.549255 0.594978 0.534562 0.60697 0.530746 0.5446 0.574441 0.582066 0.615059 0.582979 0.535406 0.557997 0.601723 0.547836 0.56727 0.537313 0.588661 0.53078 0.533103 0.514131 0.612535 0.508772 0.516553 0.617929 0.62313 0.626087 0.620676 0.501404 0.627744
internal_weight=276.995 191.083 85.9119 120.682 71.1219 113.871 62.0931 70.4008 59.7033 60.8921 15.5775 53.3356 26.8389 32.8644 38.3466 17.9238 14.7901 12.0256 20.4228 14.8133 51.7781 27.545 38.7123 18.8289 22.7587 17.5472 45.3146 15.312 19.8835 11.3377
internal_count=1791 1174 617 676 527 611 357 498 436 462 103 293 179 257 222 114 90 92 108 87 254 220 183 93 183 144 359 123 90 97
is_linear=0
shrinkage=1


Tree=1
num_leaves=31
num_cat=0
split_feature=38 34 19 5 0 20 20 38 4 26 35 4 4 35 4 35 20 30 25 5 2 28 6 0 2 2 35 9 4 3
split_gain=152.33 66.178 57.2179 34.4203 30.7638 28.4931 21.427 20.0618 29.9277 29.765 26.0932 16.75 20.0157 24.7288 12.3561 10.3165 14.648 6.41758 5.83228 5.66637 4.28232 3.63917 3.56543 4.40265 3.30626 0.694619 0.478726 0.529737 0.408694 0.047027
threshold=-0.00041788137809509158 0.33390000000000003 11.68138464976478 -0.00012886013098553387 109.50000000000001 1.8925000000000003 2.1065000000000005 0.00054931390265988548 0.0015115000000000003 0.0099999999999999898 12.500000000000002 0.00054350000000000004 0.00097500000000000006 11.500000000000002 0.0010855000000000003 22.500000000000004 1.8825000000000001 0.41300000000000009 0.49750000000000005 -0.00054562298571430125 -0.00014849999999999995 6.0925307087851808 0.80500000000000016 257.50000000000006 0.00026550000000000006 6.7000000000000016e-05 11.500000000000002 6.1141672995719603 0.00063100000000000016 0.00017150000000000002
decision_type=2 2 2 2 2 2 2 2 2 2 2 2 2 2 2 2 2 2 2 2 2 2 2 2 2 2 2 2 2 2
left_child=1 4 3 -2 -1 14 -7 10 9 24 -4 -3 17 -14 22 -11 -17 26 19 -6 -12 -22 23 -5 -9 -23 27 -13 -24 -27
right_child=2 11 7 5 18 6 -8 8 -10 15 20 12 13 -15 -16 16 -18 -19 -20 -21 21 25 28 -25 -26 29 -28 -29 -30 -31
leaf_value=-0.079639825397613273 -0.067711526832155811 -0.016616799430532576 -0.010426464313184258 -0.0024001984811090784 -0.0017706898797459857 -0.049972329632889237 0.011419485245702096 0.036012537105301771 -0.079631708215568128 -0.054882353382543353 -0.05053023922383728 0.046283676877743082 -0.040477479832612413 0.033341885330542664 -0.021010485646346871 0.012371000492945271 -0.047523558644358983 0.0089658697877022502 0.0180843639266021 -0.035644524260741967 -0.058442350308514253 -0.069463876158028487 0.046154989831058819 0.035542099498757827 0.0033247545566156204 -0.080961275748158576 0.046132445948472767 0.031655179660298925 0.034597423976785328 -0.078056259230148847
leaf_weight=7.4170497432351139 8.2509494572877866 7.4087081197649232 8.8452531546354276 5.4691865965724045 9.4687071293592506 13.743663633242251 8.1512498836964351 5.6428251639008504 10.096611171960829 15.216458380222322 12.821372251957653 4.1089599505066854 6.9655537996441153 9.873265437781809 5.6279772669076911 6.865814805030821 7.9072529952973127 5.1070635542273513 5.3329957984387866 8.3760263547301275 15.406170424073933 8.7935603335499781 5.9458252005279046 5.5408180709928274 5.49861123226583 10.494626328349115 34.371487706899643 4.8667862303555012 5.1289947777986526 9.605690769851206
leaf_count=34 42 51 65 42 64 75 62 46 43 76 70 42 42 75 39 47 43 36 52 55 79 41 48 43 39 45 273 40 39 43
internal_value=-0.0183365 0.0105544 -0.0353846 -0.0109744 -0.0264612 -0.0015377 -0.0271168 -0.0474359 -0.0333507 -0.0219899 -0.0583741 0.0261314 0.030982 0.00280573 0.0186714 -0.0375451 -0.0196874 0.0407738 -0.00944362 -0.0176705 -0.0657987 -0.0702178 0.0287838 0.0166944 0.0198802 -0.0764964 0.0445214 0.0383519 0.0408024 -0.079573
internal_weight=278.35 103.297 175.053 57.8587 30.5948 49.6077 21.8949 117.194 51.2276 41.131 65.9667 72.7018 65.2931 16.8388 27.7128 29.9895 14.7731 48.4543 23.1777 17.8447 57.1214 44.3 22.0848 11.01 11.1414 28.8939 43.3472 8.97575 11.0748 20.1003
internal_count=1791 764 1027 390 205 348 137 637 294 251 343 559 508 117 211 166 90 391 171 119 278 208 172 85 85 129 355 82 87 88
is_linear=0
shrinkage=0.03


Tree=2
num_leaves=31
num_cat=0
split_feature=38 33 0 3 20 20 0 20 33 19 2 3 10 36 25 20 20 29 19 2 5 3 2 9 20 31 19 2 20 19
split_gain=141.829 64.9201 53.0626 37.6083 26.8165 29.1992 23.3327 18.7111 20.9354 18.6515 25.4204 19.2636 16.2076 13.6966 10.8204 10.3984 9.73309 7.70193 7.55322 5.6469 3.39969 3.25822 6.63857 2.64481 2.26016 1.41335 1.36427 0.155654 0.00185265 0.00101708
threshold=-0.00041788137809509158 -0.20084999999999997 146.50000000000003 0.00019850000000000003 1.9555000000000002 2.2640000000000007 118.50000000000001 1.3605000000000003 -0.19399999999999998 10.675905507176923 -0.00045399999999999992 -0.00073599999999999989 6.3288738435559093 0.10785000000000002 0.49250000000000005 1.9315000000000002 1.8685000000000003 5.9799857033237283 12.051941960586102 -0.00022949999999999997 0.00063421380107374988 -1.0000000180025095e-35 3.9500000000000005e-05 6.32738299517721 1.7535000000000001 0.17640000000000003 11.208097196887492 -0.00032449999999999997 1.6585000000000003 11.810760762168256
decision_type=2 2 2 2 2 2 2 2 2 2 2 2 2 2 2 2 2 2 2 2 2 2 2 2 2 2 2 2 2 2
left_child=1 9 13 12 7 26 -3 -5 16 10 -1 15 17 19 23 -11 18 -4 28 -2 -14 -21 -23 -8 -24 27 -6 -13 -9 -29
right_child=2 6 3 4 5 -7 14 8 -10 11 -12 25 20 -15 -16 -17 -18 -19 -20 21 -22 22 24 -25 -26 -27 -28 29 -30 -31
leaf_value=0.032153254981398371 -0.038713012702041402 -0.075813741010846716 -0.042566755209177722 -0.032872177095744096 -0.063944114376766614 0.019036345076002454 -0.040260456799124864 0.045731757035314249 -0.028330024265011237 0.024435239981047126 -0.041873725514875365 0.040012561056008533 -0.050818973700425159 -0.023306018494572034 0.019976492359914673 -0.024083660622844564 -0.0083573141921690804 -0.0016255633772705551 0.0047226256877456177 -0.076067438678205146 -0.074505199325004295 -0.033815188432612088 -0.072574472100820936 -0.01292566273098961 -0.055252732939953857 0.028963738503547991 -0.046433104725673767 0.045833095423924941 0.046384465239902833 0.045446837808237744
leaf_weight=8.6147194132208842 9.51833702996373 7.3162491656839874 8.0510907340794819 8.7058054003864509 8.2952471412718349 6.7114134132862082 7.3160503059625643 11.76806527934969 7.5072609428316381 9.6480772793293017 8.1006407476961595 5.3349739089608184 13.123166153207423 10.896878948435186 6.1451829224824897 6.761539375409483 5.3518482055515042 8.50298381783068 5.1732099428772917 14.226530112326143 9.3317317292094213 7.4120757058262816 17.095409169793133 5.6428104527294636 11.23493775911629 5.9030819311738005 7.7408724147826424 8.2603492736816388 5.8640304245054713 23.849936448037624
leaf_count=66 55 33 47 51 43 51 45 95 50 71 46 42 72 70 61 41 35 56 35 61 41 41 77 40 55 61 44 66 48 192
internal_value=-0.01771 0.0102848 -0.0340291 -0.0206337 -0.00701879 -0.0335027 -0.030257 0.00655887 0.0161841 0.0242914 -0.00372189 0.0321272 -0.0440591 -0.0542269 -0.0128101 0.00444315 0.0280525 -0.0215374 0.036597 -0.059891 -0.0606624 -0.063925 -0.059092 -0.0283578 -0.0657052 0.042607 -0.0554913 0.0447578 0.0459488 0.0455462
internal_weight=279.405 102.894 176.511 106.127 67.1178 22.7475 26.4203 44.3702 35.6644 76.4733 16.7154 59.758 39.009 70.3842 19.104 16.4096 28.1572 16.5541 22.8053 59.4873 22.4549 49.969 35.7424 12.9589 28.3303 43.3483 16.0361 37.4453 17.6321 32.1103
internal_count=1791 764 1027 668 452 138 179 314 263 585 112 473 216 359 146 112 213 103 178 289 113 234 173 85 132 361 87 300 143 258
is_linear=0
shrinkage=0.03


Tree=3
num_leaves=31
num_cat=0
split_feature=5 19 33 4 35 4 35 19 11 4 20 20 0 4 34 4 35 10 11 10 29 2 9 35 2 20 17 17 0 35
split_gain=110.499 62.2435 54.6703 27.9088 35.1297 26.9082 25.3718 24.0978 20.6596 27.6277 30.0611 30.0287 17.2501 22.9642 25.6954 27.3025 10.4301 5.00335 4.76318 4.62396 3.63794 2.41981 2.28225 1.12062 0.662526 0.372219 0.146847 0.060362 0.00326922 0.00193886
threshold=-0.00046152563417748154 11.68138464976478 -0.20084999999999997 0.0005685000000000001 11.500000000000002 0.00089050000000000012 11.500000000000002 12.072855460460623 0.60500000000000009 0.0015295000000000003 1.8925000000000003 2.0965000000000003 132.50000000000003 0.0010405000000000002 0.33390000000000003 0.00066550000000000018 19.500000000000004 6.8049136503337069 0.16500000000000004 6.3622864479328944 4.9544143913678651 -0.00019249999999999999 7.0145552550717776 30.000000000000004 0.00029950000000000002 1.6325000000000001 0.53872366847680608 -0.24584818438364939 226.50000000000003 21.500000000000004
decision_type=2 2 2 2 2 2 2 2 2 2 2 2 2 2 2 2 2 2 2 2 2 2 2 2 2 2 2 2 2 2
left_child=2 8 3 -1 5 -5 7 -3 9 10 20 -12 18 14 19 -16 -4 -17 -8 -14 -2 -20 24 26 27 -23 28 -22 -6 -30
right_child=1 6 16 4 23 -7 12 -9 -10 -11 11 -13 13 -15 15 17 -18 -19 21 -21 22 25 -24 -25 -26 -27 -28 -29 29 -31
leaf_value=-0.022795173696811385 0.0061323364403244787 0.041735159735931886 -0.014468106080747532 0.028773482225122021 0.04480771988557973 -0.060731196819305486 -0.045698931432298751 -0.034468001694823482 -0.04468715597616945 -0.051087563075109622 -0.04377037666732312 0.025389979594172718 -0.034815652923802003 -0.0686224577244825 -0.040603008186451302 0.0092480698659067728 -0.064095492057056266 0.047063043477053354 -0.052870580091621495 -0.06266458164819802 0.041048245126363223 -0.066505992337485456 0.016758056937142857 0.030715209144009586 0.031947045207586316 -0.073978608684101305 0.039694591388999848 0.045653735534779909 0.045819822783020325 0.04502002374700001
leaf_weight=10.287905344739555 5.0132846310734775 5.7955286446958807 7.4334608502686006 6.2029786072671396 24.377925232052803 5.8967079818248749 13.309014933183787 10.504113638773559 11.075433179736136 8.2379483915865404 14.44416616484523 9.2805113010108453 10.000004049390556 15.303218416869639 10.465814940631391 7.8808662481605989 7.822096660733223 5.2446839138865471 8.4653230831027013 11.578963259235023 4.0318801254034069 9.3090824559330958 5.132980201393365 6.3173387125134459 6.5739146769046775 16.873133048415184 5.413456790149211 7.0220285225659635 5.6298769041895849 5.2921241447329521
leaf_count=65 39 57 51 54 199 29 70 66 62 54 80 76 55 68 58 54 39 41 42 54 35 41 39 49 51 70 43 62 45 43
internal_value=-0.0171209 -0.0295177 0.0115077 0.0228082 0.0307426 -0.0148461 -0.0422709 -0.00737308 -0.00705413 -7.68171e-05 0.00808307 -0.0167165 -0.0475168 -0.0368611 -0.0261007 -0.00446053 -0.0399139 0.0243581 -0.0609538 -0.049759 0.0292669 -0.0668136 0.0343626 0.0424713 0.0394887 -0.0713217 0.0442954 0.0439739 0.045001 0.0454323
internal_weight=280.216 195.542 84.6739 69.4183 59.1304 12.0997 124.73 16.2996 70.8121 59.7367 51.4988 23.7247 108.43 60.4736 45.1703 23.5914 15.2556 13.1256 47.9566 21.579 27.7741 34.6475 22.7608 47.0307 17.6278 26.1822 40.7134 11.0539 35.2999 10.922
internal_count=1791 1174 617 527 462 83 676 123 498 436 382 156 553 330 262 153 90 95 223 109 226 153 187 379 148 111 330 97 287 88
is_linear=0
shrinkage=0.03


Tree=4
num_leaves=31
num_cat=0
split_feature=38 33 19 5 20 0 4 30 35 3 20 3 19 4 28 25 4 0 35 4 3 9 5 33 20 34 29 35 17 34
split_gain=124.595 57.6082 44.9268 28.9123 23.8284 22.4575 18.1803 41.6815 26.3016 29.1858 17.5819 16.0837 31.9315 10.7694 10.366 8.48846 7.64435 10.8932 25.6976 37.0208 9.36183 8.82611 4.10428 3.41148 1.41819 1.36877 1.09666 1.06919 0.146148 0.114447
threshold=-0.00041788137809509158 -0.20224999999999996 11.68138464976478 -0.00012886013098553387 1.8925000000000003 118.50000000000001 0.0005685000000000001 0.39185000000000009 11.500000000000002 -0.00080149999999999991 2.1065000000000005 0.00058500000000000012 12.338358642666291 0.0010855000000000003 4.632488932147611 0.49250000000000005 0.0010265000000000003 102.50000000000001 22.500000000000004 0.00066750000000000002 0.00015350000000000002 6.0780320587909644 -0.00053596333562364832 -0.20254999999999998 1.4420000000000002 0.35380000000000006 6.1761768686084695 30.000000000000004 0.53872366847680608 0.37810000000000005
decision_type=2 2 2 2 2 2 2 2 2 2 2 2 2 2 2 2 2 2 2 2 2 2 2 2 2 2 2 2 2 2
left_child=1 6 3 -2 13 -3 7 -1 9 -8 -6 14 -13 23 -4 22 17 -16 20 -20 21 -19 -7 24 -5 -18 -22 28 -10 -26
right_child=2 5 11 4 10 15 8 -9 27 -11 -12 12 -14 -15 16 -17 25 18 19 -21 26 -23 -24 -25 29 -27 -28 -29 -30 -31
leaf_value=0.043336315729389036 -0.060997015490273428 -0.069862659395822674 -0.014545423979583905 0.022372792414760645 -0.044380550966917072 -0.0045339197795704351 -0.05428473787485575 -0.065566341991362201 0.044360108978207073 0.031893967418227746 0.011011518494021637 0.018668227475040558 -0.06900498845952982 -0.019080469275289204 -0.068112370290421123 0.019666580239784053 -0.055371590862850102 -0.056715462279129471 -0.055549993757715438 0.034310208552174662 -0.070993288394454554 -0.017914146972421156 -0.036421631936443627 0.0089248685860835349 0.038304833445350225 -0.070572560420994052 -0.057489378190845299 0.03041487941285 0.039027886894998719 0.044749498939844576
leaf_weight=6.615996412932871 8.535653889179228 7.7450363654643324 8.4523117914795858 5.2208438068628338 14.177737992256882 6.4944476969540146 6.1207711696624747 6.0606275200843811 34.529170155525208 8.3779468294233066 8.1056218873709422 10.009071931242941 5.9680463671684256 5.7019747570157042 14.246754273772238 6.1176475919783107 8.8003031946718711 10.335197750478985 7.6702152639627483 8.930347837507723 12.022382616996767 10.778798384591935 8.2441636715084297 6.4071917738765505 4.7325006052851659 13.524416789412497 9.8443463575094921 6.3759926036000243 5.3418411388993254 5.2103258911520243
leaf_count=61 42 34 61 39 75 44 30 28 285 76 62 76 25 39 63 61 44 49 36 66 50 64 52 50 38 56 47 50 43 45
internal_value=-0.0165712 0.00987926 -0.0316745 -0.0100011 -0.00121744 -0.0262396 0.0239492 -0.00872947 0.0307687 -0.00448719 -0.0242316 -0.0421159 -0.014081 0.0175863 -0.0463979 -0.0100401 -0.0491979 -0.0445464 -0.0389114 -0.00720929 -0.0511558 -0.0369072 -0.0223706 0.0272787 0.0350339 -0.0645804 -0.0649139 0.0418216 0.0436457 0.041682
internal_weight=280.698 102.024 178.674 58.0919 49.5562 28.6013 73.4223 12.6766 60.7457 14.4987 22.2834 120.582 15.9771 27.2728 104.605 20.8563 96.1528 73.828 59.5813 16.6006 42.9807 21.114 14.7386 21.5709 15.1637 22.3247 21.8667 46.247 39.871 9.94283
internal_count=1791 764 1027 390 348 191 573 89 484 106 137 637 101 211 536 157 475 375 312 102 210 113 96 172 122 100 97 378 328 83
is_linear=0
shrinkage=0.03


Tree=5
num_leaves=31
num_cat=0
split_feature=38 33 0 4 33 20 4 4 30 35 4 35 35 0 36 31 30 16 31 0 10 2 5 20 16 20 16 0 34 35
split_gain=119.103 53.9242 41.4569 32.7467 25.2561 40.9378 28.1486 23.5774 28.6055 21.3184 16.8396 20.0734 13.323 19.1742 11.1071 10.0524 8.9037 5.11359 4.37331 9.69245 3.00398 2.58784 2.49439 1.3539 0.738334 0.643864 1.39205 0.0153419 0.00647895 0.00468304
threshold=-0.00041788137809509158 -0.20224999999999996 146.50000000000003 0.0015295000000000003 -0.20854999999999999 1.8925000000000003 0.00066550000000000018 0.0005685000000000001 0.39610000000000006 17.500000000000004 0.00099050000000000028 12.500000000000002 21.500000000000004 252.50000000000003 0.10785000000000002 0.11095000000000001 0.36485000000000006 -0.35774843948516355 0.13865000000000002 130.50000000000003 6.3999583773969393 4.5500000000000008e-05 0.00065528803486447726 1.7295000000000003 0.15829213972146436 1.7605000000000002 -0.14553341321267974 191.50000000000003 0.39530000000000004 9.5000000000000018
decision_type=2 2 2 2 2 2 2 2 2 2 2 2 2 2 2 2 2 2 2 2 2 2 2 2 2 2 2 2 2 2
left_child=1 7 14 4 5 17 -7 8 -1 16 25 -12 13 15 18 -6 24 -4 19 21 -17 -2 -19 -20 -3 26 -9 -28 -24 -27
right_child=2 9 3 -5 12 6 -8 10 -10 -11 11 -13 -14 -15 -16 20 -18 22 23 -21 -22 -23 28 -25 -26 29 27 -29 -30 -31
leaf_value=0.026658845609192783 -0.046589281187011007 0.023205074102999899 0.0056465336179276878 -0.070477145067365285 -0.017922373573205662 -0.051907553389867751 0.019805604788704346 0.022801040065752436 -0.064122814589176125 -0.055797901742102085 -0.035857595844902335 0.034026340210508266 0.0066205227028364368 0.0086415862235338647 -0.019253860468487004 -0.042669459921760931 -0.028986705228623923 0.021369437761542431 -0.06803865659458315 -0.019631435884923599 -0.064597738107419034 -0.066090037250183906 0.045458287610492996 -0.053907790544348126 0.0067997197101799913 0.044771904726059346 0.041452207920366919 0.043861628770891246 0.044066788376189922 0.043737927366655008
leaf_weight=7.157723641023038 12.559021716937425 5.1148868519812876 6.2523051034659174 9.9220718257129175 8.5702778715640289 14.374236550182106 7.4944476876407853 4.7051568180322638 5.5430976301431656 11.646007252857087 6.3549107685685149 8.8518984392285329 8.0156710501760227 7.1369171515107146 9.9394578095525485 9.3309639561921376 6.9702002145349971 6.0919883307069567 16.262871244922284 8.9557503741234523 14.147051323205231 11.954225536435841 6.9471696317195875 9.7671853639185411 4.7729998603463173 4.666653115302327 4.4646848179399949 5.0901268888264894 5.3158130645751953 25.397963205352426
leaf_count=63 61 45 45 47 55 72 55 37 25 58 34 71 56 57 62 49 47 48 69 52 66 53 56 47 40 42 40 44 45 217
internal_value=-0.015576 0.0103576 -0.0306737 -0.0186518 -0.0131626 0.00253559 -0.0273313 0.0241458 -0.0129616 -0.0245831 0.0320626 0.00482191 -0.0286196 -0.0358283 -0.0486098 -0.0457314 -0.00301913 0.0290785 -0.0535137 -0.046341 -0.0558827 -0.0560991 0.0370602 -0.0627364 0.015286 0.0414083 0.0361582 0.0427358 0.0448551 0.0438984
internal_weight=273.774 100.736 173.037 103.599 93.6768 46.476 21.8687 72.2322 12.7008 28.5041 59.5314 15.2068 47.2009 39.1852 69.4385 32.0483 16.8581 24.6073 59.4991 33.469 23.478 24.5132 18.355 26.0301 9.88789 44.3246 14.26 9.55481 12.263 30.0646
internal_count=1758 763 995 651 604 321 127 573 88 190 485 105 283 227 344 170 132 194 282 166 115 114 149 116 85 380 121 84 101 259
is_linear=0
shrinkage=0.03


Tree=6
num_leaves=31
num_cat=0
split_feature=38 33 0 4 3 4 30 35 5 2 20 33 20 4 35 4 30 36 30 4 9 31 0 17 16 20 16 0 35 0
split_gain=111.53 51.0637 38.4441 30.3389 28.3972 22.5433 26.6568 19.8004 17.3899 18.564 17.7499 27.0816 19.1145 16.2862 18.9551 12.0442 11.5291 10.308 8.34921 4.36076 4.05826 5.72089 10.4113 0.774446 0.704014 0.634893 1.36325 0.0151328 0.00412544 0.00119898
threshold=-0.00041788137809509158 -0.20224999999999996 146.50000000000003 0.0015295000000000003 0.0010195000000000002 0.0005685000000000001 0.39610000000000006 17.500000000000004 -0.00012886013098553387 7.8500000000000011e-05 1.7915000000000003 -0.20059999999999997 2.2920000000000003 0.00099050000000000028 12.500000000000002 0.00066550000000000018 0.58100000000000007 0.10785000000000002 0.36485000000000006 0.00064650000000000005 5.6121050027122745 0.13865000000000002 121.50000000000001 0.024183226983763462 0.15829213972146436 1.7605000000000002 -0.14553341321267974 191.50000000000003 9.5000000000000018 218.50000000000003
decision_type=2 2 2 2 2 2 2 2 2 2 2 2 2 2 2 2 2 2 2 2 2 2 2 2 2 2 2 2 2 2
left_child=1 5 17 4 8 6 -1 18 -4 16 11 19 15 25 -15 -12 -10 20 24 -11 -2 22 -22 -23 -3 26 -7 -28 -27 -30
right_child=2 7 3 -5 -6 13 -8 -9 9 10 12 -13 -14 14 -16 -17 -18 -19 -20 -21 21 23 -24 -25 -26 28 27 -29 29 -31
leaf_value=0.026071069593746509 -0.06383630341139343 0.022660204166990411 -0.05160782681571869 -0.067668357521964151 0.041561172127079417 0.022304160389784868 -0.061409620796260923 -0.053664821994087036 -0.014857964209864623 0.039892933841019371 -0.061737418718648795 -0.036508077142992722 0.0088179110591909676 -0.034510188586092776 0.033424877499887727 -0.017187674473154595 0.04292514833934423 -0.018605795671470853 -0.02793958401055693 0.0090962965962479714 -0.051097111012957316 -0.064983305449534429 -0.0089208367326163961 -0.052964545249437944 0.0066077036695172432 0.044128487551663965 0.040854812304701747 0.043267095968785314 0.043002375101551513 0.043442371323070633
leaf_weight=7.1003974024206382 17.217893995344639 5.0812531802803331 11.792294703423975 10.022275526076553 7.9305888507515183 4.6662706509232512 5.6132368296384811 11.744074653834103 5.1298252455890161 7.1693746596574774 16.707233605906374 12.189512314274912 7.0446587037295094 6.4041625112295142 8.7425108626484853 8.1143722068518382 7.8835828173905611 9.9765134379267675 7.0138016473501912 9.7870402857661229 15.304995987564327 9.1414848677814025 8.0320157166570407 10.21928235888481 4.7644807584583759 4.5937566552311209 4.3951234370470029 5.0065323151648045 16.581695303320888 8.3961913362145406
leaf_count=63 74 45 59 47 65 37 25 58 34 59 76 70 50 34 71 54 68 62 47 69 72 39 49 48 40 42 40 44 146 71
internal_value=-0.015103 0.0101176 -0.0296408 -0.0180568 -0.012753 0.0236699 -0.0125528 -0.0237586 -0.0177723 -0.0123823 -0.0193206 -0.00240111 -0.0347957 0.0315037 0.00470126 -0.0471738 0.0201473 -0.0468399 -0.00292643 0.0221175 -0.0515412 -0.0465831 -0.0365811 -0.0586394 0.0148922 0.0408064 0.0355601 0.0421394 0.0433022 0.0431503
internal_weight=273.766 100.103 173.663 103.771 93.7485 71.4999 12.7136 28.6036 85.8179 74.0256 61.0122 29.1459 31.8663 58.7862 15.1467 24.8216 13.0134 69.8922 16.8595 16.9564 59.9157 42.6978 23.337 19.3608 9.84573 43.6396 14.0679 9.40166 29.5716 24.9779
internal_count=1758 763 995 651 604 573 88 190 539 480 378 198 180 485 105 130 102 344 132 128 282 208 121 87 85 380 121 84 259 217
is_linear=0
shrinkage=0.03


Tree=7
num_leaves=31
num_cat=0
split_feature=38 33 19 5 4 30 20 1 20 4 3 33 38 4 13 25 1 4 20 16 19 1 38 31 29 34 20 16 38 15
split_gain=104.57 48.3894 43.6792 23.4266 21.5637 24.8948 20.062 17.8454 16.6744 15.7595 15.2765 12.4715 10.6571 16.8308 20.6115 8.15697 7.50073 8.76164 5.68 5.40876 6.9937 3.59707 3.04946 1.56401 1.53239 1.07138 0.627489 1.3373 0.445975 0.015213
threshold=-0.00041788137809509158 -0.20224999999999996 11.68138464976478 -0.00012886013098553387 0.0005685000000000001 0.39610000000000006 1.8925000000000003 0.39500000000000007 2.1220000000000003 0.00099050000000000028 -0.00073599999999999989 -0.19849999999999998 0.00054931390265988548 0.0010405000000000002 0.01 0.49250000000000005 0.49833333333333335 0.00066750000000000002 1.3995000000000002 0.17056402731702427 12.044200561715931 0.74500000000000011 0.00068989511784454721 0.12405000000000001 6.1761768686084695 0.33780000000000004 1.7605000000000002 -0.14553341321267974 0.00043306185040494036 6.0849547865128413
decision_type=2 2 2 2 2 2 2 2 2 2 2 2 2 2 2 2 2 2 2 2 2 2 2 2 2 2 2 2 2 2
left_child=1 4 3 -2 5 -1 11 -3 -8 26 -11 18 19 14 22 21 -16 -18 -5 20 -4 -9 -14 -22 28 -25 27 -6 -21 -29
right_child=2 7 12 6 9 -7 8 15 -10 10 -12 -13 13 -15 16 -17 17 -19 -20 24 23 -23 -24 25 -26 -27 -28 29 -30 -31
leaf_value=0.025499675877739485 -0.05320672037612828 -0.063289106917648011 -0.013976878417501582 0.0066285104678528717 0.021818910267427761 -0.058954467797856229 -0.040454624041766835 -0.0084339985955260415 0.014033675953342586 -0.021685718528553707 0.039288968536406309 -0.010476143833032674 -0.0035770493453040017 -0.060246676130665811 -0.055192717068828494 0.018324301125917999 -0.045338921215305847 0.00041250345133712017 0.043446182107169197 -0.055945943805041753 -0.057493374978484918 -0.03839774644504617 0.024960133270302286 -0.032881492357119575 -0.047544752371846556 -0.04776986380704229 0.042739150922731992 0.040238743667964198 -0.064929431201421098 0.042683000666902941
leaf_weight=7.0425994340330345 8.5281255543231946 7.3514962662011412 7.8596568237990132 5.3837597426027086 4.6275387853384009 5.670666828751564 13.958675658330323 8.1783083770424145 7.9239687137305728 8.582954175770281 6.497445546090602 9.2345528975129145 6.7711255028843862 11.803588351234792 10.190305411815645 6.7003714349120846 7.3451476246118528 7.7336612530052662 12.590582676231859 8.8488834239542502 7.8364973310381201 6.4491896089166394 6.7095526698976755 7.597859904170039 12.242315927520393 10.176329758018253 29.069995323196054 4.1954859271645528 11.356312431395052 5.0505250357091427
leaf_count=63 41 32 50 39 37 25 73 54 63 51 54 68 42 51 45 65 35 52 109 43 37 39 52 38 58 52 259 39 47 45
internal_value=-0.0146583 0.0098888 -0.0286761 -0.00731152 0.0232157 -0.0121705 0.000661336 -0.0229817 -0.0207238 0.0309689 0.00458545 0.0178602 -0.0392454 -0.0288831 -0.0193294 -0.00908814 -0.0353104 -0.0218738 0.0324184 -0.0471925 -0.0387313 -0.0216449 0.0106264 -0.0463282 -0.0559203 -0.0414056 0.0402339 0.0349846 -0.0609951 0.0415739
internal_weight=273.507 99.4166 174.091 57.6197 70.7372 12.7133 49.0915 28.6794 21.8826 58.0239 15.0804 27.2089 116.471 50.5534 38.7498 21.3279 25.2691 15.0788 17.9743 65.9179 33.4703 14.6275 13.4807 25.6107 32.4475 17.7742 42.9435 13.8735 20.2052 9.24601
internal_count=1758 763 995 393 573 88 352 190 136 485 105 216 602 277 226 158 132 87 148 325 177 93 94 127 148 90 380 121 90 84
is_linear=0
shrinkage=0.03


Tree=8
num_leaves=31
num_cat=0
split_feature=38 33 19 5 4 30 20 35 35 4 20 33 0 4 38 13 30 30 20 16 19 20 0 20 35 16 4 19 0 6
split_gain=98.1466 45.8811 40.7297 21.8911 20.6247 23.2941 18.9279 17.4716 15.7809 21.8443 15.5894 11.9176 9.96901 14.7524 15.3281 9.65841 7.77267 7.47978 5.52498 5.45456 2.49706 2.26908 1.97424 1.09087 1.06252 0.662051 0.376621 0.146512 0.0100038 0.00364482
threshold=-0.00041788137809509158 -0.20224999999999996 11.68138464976478 -0.00012886013098553387 0.0005685000000000001 0.39610000000000006 1.8925000000000003 17.500000000000004 11.500000000000002 0.00099050000000000028 2.1220000000000003 -0.19849999999999998 132.50000000000003 0.0010405000000000002 0.00073408342632300615 0.010000000000000007 0.77700000000000014 0.36485000000000006 1.3995000000000002 0.15166316976231567 12.328776881192729 1.7915000000000003 158.50000000000003 1.7965000000000002 30.000000000000004 0.15829213972146436 0.00072300000000000012 10.675905507176923 243.50000000000003 0.80500000000000016
decision_type=2 2 2 2 2 2 2 2 2 2 2 2 2 2 2 2 2 2 2 2 2 2 2 2 2 2 2 2 2 2
left_child=1 4 3 -2 5 -1 11 17 9 23 -8 18 16 14 15 -14 20 25 -5 -17 26 -22 -21 -6 27 -3 -4 -10 -29 -20
right_child=2 7 12 6 8 -7 10 -9 24 -11 -12 -13 13 -15 -16 19 -18 -19 29 22 21 -23 -24 -25 -26 -27 -28 28 -30 -31
leaf_value=0.024943706283575486 -0.051310819004024837 0.021946225700263118 -0.056441148993250333 0.0064436264281571174 0.021415919972956186 -0.056720586110856092 -0.039035850534422864 -0.050158963945186985 0.036706206686737047 -0.041566175486758297 0.013667806316471973 -0.010134767716865676 -0.0074438704199093 -0.05613114617422215 0.013184337338087363 -0.023523242136812565 -0.024343831266399323 -0.02611861938189387 0.043522039933682505 -0.060388940336863435 -0.035000221742546578 -0.05579150412981073 -0.040427264651592736 0.04290770263982098 0.028180818859988487 0.0063300287749255418 -0.064356461080559937 0.042077409405610791 0.043558504668696887 0.04246563393726889
leaf_weight=6.984471742063759 8.5771443769335729 5.0325321070849949 10.040566636249425 5.3722636103630093 3.7519839778542501 5.71644227206707 14.030877906829121 11.858776560053228 4.8527141883969298 5.8213267773389807 7.8924847617745391 9.2588610127568263 12.057755332440136 15.257379358634351 8.9325717333704215 11.908679494634272 10.072957912459968 7.0811587367206803 4.8029371295124275 8.3411008864641207 9.0883338525891322 9.838266706094144 9.5811871383339149 4.9033485408872366 6.2566483914852133 4.7490330748260021 11.731445189565418 26.837796047329906 4.8453454151749602 7.5756831243634224
leaf_count=63 41 45 43 39 35 25 73 58 41 29 63 68 76 68 65 67 62 47 43 36 45 44 48 50 52 40 48 237 41 66
internal_value=-0.0142377 0.00966899 -0.0277694 -0.00710159 0.0227742 -0.0118119 0.000647536 -0.0222575 0.0304446 0.0033691 -0.0200624 0.0174574 -0.0379415 -0.0302606 -0.0224939 -0.0301021 -0.0479382 -0.00263561 0.0318495 -0.0392606 -0.0537778 -0.0458078 -0.0497175 0.0335913 0.0396042 0.0143644 -0.0607062 0.0415604 0.0423039 0.0428755
internal_weight=273.052 98.6916 174.36 57.5103 69.9701 12.7009 48.9331 28.7215 57.2692 14.4767 21.9234 27.0097 116.85 66.0787 50.8213 41.8887 50.7716 16.8627 17.7509 29.831 40.6986 18.9266 17.9223 8.65533 42.7925 9.78157 21.772 36.5359 31.6831 12.3786
internal_count=1758 763 995 393 573 88 352 190 485 114 136 216 602 360 292 227 242 132 148 151 180 89 84 85 371 85 91 319 278 109
is_linear=0
shrinkage=0.03


Tree=9
num_leaves=31
num_cat=0
split_feature=38 33 19 5 4 30 20 35 35 3 20 33 0 3 2 30 30 30 35 20 5 15 34 35 20 16 28 30 0 7
split_gain=92.1929 43.5327 38.0266 20.4915 19.744 21.8337 17.8659 16.3382 15.2645 24.392 14.591 11.3928 9.33635 16.364 9.51207 8.85077 7.29641 7.02329 5.71673 5.37974 4.60609 2.43997 2.77906 1.04934 0.939417 0.63153 0.252316 0.148158 0.0073291 0.00320923
threshold=-0.00041788137809509158 -0.20224999999999996 11.68138464976478 -0.00012886013098553387 0.0005685000000000001 0.39610000000000006 1.8925000000000003 17.500000000000004 11.500000000000002 -0.00080149999999999991 2.1220000000000003 -0.19849999999999998 132.50000000000003 0.00057350000000000012 8.850000000000001e-05 0.64750000000000008 0.77700000000000014 0.36485000000000006 22.500000000000004 1.3995000000000002 0.00062466338046114308 6.1776313063861048 0.33550000000000008 30.000000000000004 1.8685000000000003 0.15829213972146436 5.9080829377997217 0.41300000000000009 245.50000000000003 0.79500000000000015
decision_type=2 2 2 2 2 2 2 2 2 2 2 2 2 2 2 2 2 2 2 2 2 2 2 2 2 2 2 2 2 2
left_child=1 4 3 -2 5 -1 11 17 9 -6 -8 19 16 14 15 -14 21 25 20 -5 -16 26 -23 27 -11 -3 -4 28 -10 -21
right_child=2 7 12 6 8 -7 10 -9 23 24 -12 -13 13 -15 18 -17 -18 -19 -20 29 -22 22 -24 -25 -26 -27 -28 -29 -30 -31
leaf_value=0.02440228890950082 -0.049559438791084084 0.021434594613194025 -0.055222220746016494 0.0062636371236579032 -0.04622978621103746 -0.054677839840110938 -0.037702882470623318 -0.048466600087652918 0.041565405936353203 0.023562531587847272 0.013311230765792595 -0.0098058486110578838 -0.035495591847741127 0.0064837300684111292 -0.035159210918322623 0.0062540387222607494 -0.023545722959305737 -0.025216563284788288 -0.029704023471107864 0.042947427251641156 -0.063475537418058739 -0.030421010063805456 -0.053760206373548156 0.027662687762907156 0.043133143456887797 0.00615079388933193 -0.061715999427827684 0.036124436802189873 0.042708595679017261 0.04194754262359781
leaf_weight=6.9261450972408038 8.6132550202310068 4.9985950626432949 9.6226059421896952 5.361013118177655 5.5199817419052115 5.7515375465154648 14.090178305283191 11.903939187526701 24.77991092950106 4.1083478238433582 7.8612674772739402 9.2819888424128312 10.952749917283656 9.8058543056249601 7.9227181933820274 7.8421450592577449 10.101509805768726 7.113919695839285 14.819041788578032 4.7223998568952066 14.881031785160301 7.8071260005235699 11.148489309474824 6.1837338730692855 4.7709211371839046 4.7409233227372169 12.228502377867697 4.7780572623014441 6.3382747545838347 7.4412064850330353
leaf_count=63 41 45 41 39 27 25 73 58 223 38 63 68 57 69 40 54 62 47 78 43 62 40 50 52 49 40 49 41 55 66
internal_value=-0.0138388 0.00945983 -0.0269118 -0.0069015 0.022359 -0.0114743 0.000634146 -0.0215607 0.0299535 0.00329186 -0.0194337 0.0170673 -0.0367129 -0.0292868 -0.035504 -0.0180756 -0.046373 -0.00255647 -0.0442105 0.0313008 -0.0536376 -0.0520238 -0.0441476 0.0390768 0.034078 0.0139949 -0.0588563 0.041043 0.0417983 0.0423357
internal_weight=272.417 97.9143 174.503 57.3713 69.1569 12.6777 48.7581 28.7574 56.4792 14.3993 21.9514 26.8066 117.132 66.2235 56.4177 18.7949 50.9082 16.8534 37.6228 17.5246 22.8037 40.8067 18.9556 42.08 8.87927 9.73952 21.8511 35.8962 31.1182 12.1636
internal_count=1758 763 995 393 573 88 352 190 485 114 136 216 602 360 291 111 242 132 180 148 102 180 90 371 87 85 90 319 278 109
is_linear=0
shrinkage=0.03


Tree=10
num_leaves=31
num_cat=0
split_feature=38 33 0 4 38 35 4 30 35 4 5 4 4 5 38 5 28 35 17 38 5 38 33 39 19 19 35 9 10 4
split_gain=89.2237 42.2872 35.9505 28.9339 19.9781 19.9661 18.734 25.5672 24.9109 21.5382 13.9381 24.4355 18.8381 17.9161 16.2489 12.2584 10.3813 8.16569 7.72522 7.02298 4.96544 3.51474 2.80103 1.9547 1.44463 1.86671 1.14553 1.08818 0.951268 0.191869
threshold=-0.00041788137809509158 -0.19399999999999998 146.50000000000003 0.0015295000000000003 0.0010731349054814642 16.500000000000004 0.0005685000000000001 0.39450000000000002 11.500000000000002 0.00083350000000000015 -0.00015616155174145196 0.00058850000000000016 0.00065950000000000004 0.00061318985233391307 0.00066631873813027679 0.00086890812162734551 6.327927448501744 11.500000000000002 -0.32484499792192323 -0.00054990797229580971 0.00065324366527343733 0.00054931390265988548 -0.21704999999999997 -0.00030612290614220086 12.168941296308953 12.306031079898032 30.000000000000004 6.1341136199354667 6.0161935194708756 0.00072300000000000012
decision_type=2 2 2 2 2 2 2 2 2 2 2 2 2 2 2 2 2 2 2 2 2 2 2 2 2 2 2 2 2 2
left_child=1 6 17 4 10 19 7 -1 9 -8 -4 18 13 -13 16 -16 20 -2 -12 23 -14 24 -23 -3 -19 29 -10 -27 -20 -26
right_child=2 5 3 -5 -6 -7 8 -9 26 -11 11 12 14 -15 15 -17 -18 21 28 -21 -22 22 -24 -25 25 27 -28 -29 -30 -31
leaf_value=0.028338331710900333 -0.016550527227207533 0.00196357065271709 -0.047230721594375816 -0.062554565704864992 0.039814102171145754 -0.054786069489368171 0.036861424741279326 -0.055884302406247699 0.040996553241460502 -0.03718372996876456 -0.003009144408047094 -0.004089526315660035 0.015085046990537931 -0.059795271323013863 0.044912181535427059 -0.01338137499612053 -0.045406967123573158 -0.038931360221928786 0.047518025537091911 -0.025395634289141895 -0.021161223832131686 -0.047381041454010335 -0.023482108175015483 0.030262569924899185 -0.055728794224375947 -0.052933544641334672 0.026893391792776836 -0.03868745484254861 0.029272368273404056 -0.061441481541372356
leaf_weight=6.7790913730859739 9.4825481716543418 4.5130089893937102 10.001464143395422 10.518001791089771 6.7083318289369336 10.964821254834531 6.0769295785576096 6.2205386161804199 38.070395722985268 8.4542752616107446 6.6414391249418285 8.0412248466163891 6.4287559576332587 14.686618387699125 7.9012408927082998 5.5112221818417311 9.1378545556217414 8.1545739956200105 5.2008160781115276 6.4948275089263943 7.2236227318644524 8.418982148170473 9.2774769216775876 4.280146960169076 9.6153914388269204 9.9236518293619174 6.0003973692655554 9.3933905437588674 5.0873741302639246 11.766366962343453
leaf_count=63 59 43 49 48 57 54 59 27 342 49 45 55 55 63 65 37 48 40 46 40 41 37 50 40 43 44 51 45 40 48
internal_value=-0.014361 0.00867591 -0.0269461 -0.0154037 -0.0100463 -0.0238934 0.0206175 -0.0119636 0.0278449 -0.00621815 -0.0139419 -0.00955309 -0.018679 -0.0400863 -0.00523968 0.0209592 -0.0206582 -0.0425958 0.0222135 -0.00173668 -0.00409325 -0.046307 -0.0348519 0.0157384 -0.0504564 -0.0527656 0.0390764 -0.046006 0.0384958 -0.0588725
internal_weight=276.975 97.8544 179.12 103.088 92.57 26.2528 71.6016 12.9996 58.602 14.5312 85.8616 75.8602 58.9305 22.7278 36.2027 13.4125 22.7902 76.0324 16.9296 15.288 13.6524 66.5498 17.6965 8.79316 48.8534 40.6988 44.0708 19.317 10.2882 21.3818
internal_count=1783 768 1015 649 601 177 591 90 501 108 544 495 364 118 246 102 144 366 131 123 96 307 87 83 220 180 393 89 86 91
is_linear=0
shrinkage=0.03


Tree=11
num_leaves=31
num_cat=0
split_feature=5 36 33 0 4 35 4 4 3 35 19 2 11 35 20 5 19 6 2 19 19 35 19 2 19 35 17 3 34 4
split_gain=65.6468 46.3737 41.0639 38.2923 25.2544 28.7402 23.6762 22.3777 24.5038 12.7984 12.675 14.6427 29.8694 12.3285 23.1072 10.0005 6.5447 8.14129 3.32361 3.01266 2.37419 2.29828 2.2721 1.71165 1.23613 1.13263 0.158072 0.116358 0.024639 0.00584104
threshold=-0.00041850611837243736 0.15570000000000003 -0.19399999999999998 132.50000000000003 0.0005685000000000001 11.500000000000002 0.00087100000000000014 0.0015295000000000003 0.0010195000000000002 16.500000000000004 10.244164940745412 0.00010850000000000002 0.60500000000000009 24.000000000000004 1.8975000000000002 0.00057628125573281144 11.868597872963555 0.81500000000000006 0.00032750000000000005 10.705734055039487 12.421748251023208 14.500000000000002 12.156766684540939 -0.00026649999999999997 11.075907767270506 30.000000000000004 0.53872366847680608 0.00011900000000000001 0.33420000000000005 0.0010105000000000003
decision_type=2 2 2 2 2 2 2 2 2 2 2 2 2 2 2 2 2 2 2 2 2 2 2 2 2 2 2 2 2 2
left_child=2 3 4 20 -1 6 -6 8 10 -4 -5 12 16 15 18 -13 -12 -18 -15 -9 22 -17 -2 -24 -3 26 28 -25 -7 -30
right_child=1 24 9 7 5 25 -8 19 -10 -11 11 13 -14 14 -16 21 17 -19 -20 -21 -22 -23 23 27 -26 -27 -28 -29 29 -31
leaf_value=-0.023196723263957213 -0.036269593500059157 0.026565256467112029 -0.0027986152916002678 0.016294796248358001 0.031485049176018569 0.043090258151248881 -0.050044820785733281 -0.032171021108816873 0.039627374681013509 -0.052867387030679842 0.042116436042259238 -0.01602225587736511 -0.046545885818893462 0.029446928825358615 -0.040750810813180452 -0.039476934014323464 -0.018631667692517263 0.029671406191166556 -0.0022925034875425202 -0.058679748298305245 -0.037012930677985709 -0.058163955378896598 -0.042545473201628881 -0.059992257291106993 0.047260225704937806 0.026400601829934582 0.035747999427693189 -0.056031933100649398 0.040670011850687776 0.041715382995002367
leaf_weight=10.809627819806336 7.3927621431648722 4.8464228138327581 8.039663068950178 9.4037698656320554 5.9511058256030065 5.7524625584483138 6.9487938322126865 5.8265459276735809 7.437016323208808 10.723306844010947 6.8579584434628549 10.796527914702891 9.4237093422561866 7.3771131187677401 12.893263986334203 9.9082004576921481 6.2400195226073247 6.3221521526575089 4.9695674628019333 11.423119511455296 13.660854538902639 14.728056062012909 8.1805460397154039 14.844937857240444 5.5982444435358047 5.9300997629761687 5.3656039685010901 12.135010495781897 19.918973959982399 6.3421811461448661
leaf_count=66 36 46 59 76 57 51 36 43 64 53 59 69 45 58 63 51 38 46 34 48 67 64 39 61 62 51 48 50 186 57
internal_value=-0.0139732 -0.0237964 0.00781486 -0.0273659 0.0187975 0.0268734 -0.0124327 -0.01803 -0.0128894 -0.0314136 -0.0168377 -0.0203182 -0.00272075 -0.0286841 -0.0126613 -0.0400977 0.0185456 0.00567777 0.0166717 -0.0497257 -0.0478943 -0.0506484 -0.0513875 -0.0545662 0.0376576 0.0385809 0.0405133 -0.058211 0.041312 0.0409225
internal_weight=276.048 190.266 85.7818 179.821 67.0188 56.2092 12.8999 123.607 106.357 18.763 98.9203 89.5166 28.8438 60.6727 25.2399 35.4328 19.4201 12.5622 12.3467 17.2497 56.2141 24.6363 42.5533 35.1605 10.4447 43.3093 37.3792 26.9799 32.0136 26.2612
internal_count=1783 1119 664 1011 552 486 93 758 667 112 603 527 188 339 155 184 143 84 92 91 253 115 186 150 108 393 342 111 294 243
is_linear=0
shrinkage=0.03


Tree=12
num_leaves=31
num_cat=0
split_feature=38 33 19 35 5 0 35 38 19 3 20 33 20 20 3 20 38 33 3 20 33 2 35 39 19 19 16 21 33 19
split_gain=79.2584 37.9043 32.1971 17.803 15.5284 15.0987 13.2412 15.2152 12.2993 11.4283 10.7816 10.5506 11.4539 13.0119 10.0149 9.02114 6.59394 6.58841 8.66603 4.9597 3.72437 3.47544 2.19137 1.8415 1.6467 0.792495 0.210845 0.14217 0.0982355 0.0290189
threshold=-0.00041788137809509158 -0.19399999999999998 11.68138464976478 16.500000000000004 -0.00015616155174145196 229.50000000000003 11.500000000000002 0.00054931390265988548 12.284319870516354 -0.00073599999999999989 1.6840000000000004 -0.10834999999999999 1.8935000000000002 2.0270000000000006 0.00057350000000000012 1.9315000000000002 -0.00054990797229580971 -0.21704999999999997 0.00024850000000000008 1.3975000000000002 -0.19849999999999998 -0.00020549999999999998 8.5000000000000018 -0.00030612290614220086 12.044200561715931 12.291061549866816 -0.57073278570871155 0.0055000000000000005 -0.18499999999999997 11.672189944714637
decision_type=2 2 2 2 2 2 2 2 2 2 2 2 2 2 2 2 2 2 2 2 2 2 2 2 2 2 2 2 2 2
left_child=1 5 4 16 -2 9 8 21 -4 -1 -7 12 19 -14 17 -12 23 -9 -19 -6 27 -8 -11 -3 -23 28 -24 -21 -26 -28
right_child=2 3 6 -5 11 10 7 14 -10 22 15 -13 13 -15 -16 -17 -18 18 -20 20 -22 24 26 -25 25 -27 29 -29 -30 -31
leaf_value=-0.0097713852073201077 -0.048562541333166377 0.0022049844798923825 0.018703272849938807 -0.051559292498869556 -0.0015286666430603662 -0.022886000626746818 -0.03241502809022978 -0.046201806058548012 -0.036384808401173613 0.019753279637266394 0.037706954489297874 -0.032757896602534017 -0.034497181392225559 0.019368503977206467 0.0028100511909684859 -0.004679658048113022 -0.024287419262461866 -0.0010922986301905963 -0.040330668927852462 0.034338053018145825 0.0082438589935823273 -0.042029617580549954 0.033498368619876977 0.029727738987460457 -0.055609151587400305 -0.048929951553168163 0.043672321374726542 0.041349712668061929 -0.059839472003452049 0.040742732386979764
leaf_weight=5.3547201678156844 6.8259723708033553 4.514991730451583 7.7922476343810541 10.964812494814394 7.0810021534562138 9.6646317914128321 12.088658440858124 15.577337235212321 6.8577972874045372 5.5481114387512198 8.9759718254208583 7.5421053338795891 10.106190329417588 6.7196795493364325 9.714427247643469 9.1010770276188833 6.5290886908769634 10.371643247082835 9.9020810648798925 4.2692872956395167 5.4437064733356229 15.331978892907498 3.7136646136641529 4.2449971139430991 9.5101863518357224 16.680185349658132 3.4823857173323658 6.6666918564587831 10.281582839787012 24.121126955375075
leaf_count=38 33 43 63 54 50 58 63 69 36 52 80 55 50 52 65 64 40 63 47 38 39 72 33 40 40 75 32 63 42 234
internal_value=-0.0136035 0.00835037 -0.0254197 -0.0223877 -0.00623401 0.0198851 -0.0338687 -0.0374536 -0.00708388 0.0311823 0.00269205 -0.000193001 0.00590352 -0.0129851 -0.0242089 0.016367 -0.00146674 -0.0315301 -0.0202571 0.0194503 0.0285196 -0.0468992 0.0371309 0.0155422 -0.0502791 -0.053747 0.0402094 0.0386124 -0.0578068 0.0411123
internal_weight=274.978 96.2156 178.763 26.2539 54.6546 69.9617 124.108 109.458 14.65 42.22 27.7417 47.8287 40.2866 16.8259 45.5655 18.077 15.2891 35.8511 20.2737 23.4607 16.3797 63.8926 36.8653 8.75999 51.8039 36.472 31.3172 10.936 19.7918 27.6035
internal_count=1783 768 1015 177 380 591 635 536 99 389 202 347 292 102 244 144 123 179 110 190 140 292 351 83 229 157 299 101 82 266
is_linear=0
shrinkage=0.03


Tree=13
num_leaves=31
num_cat=0
split_feature=38 33 19 5 7 30 20 35 38 19 5 31 20 3 20 3 33 3 14 2 14 2 30 29 31 2 28 0 16 30
split_gain=74.6384 35.9467 30.2313 14.6143 14.5572 12.6371 15.0867 12.445 14.37 11.5766 10.0388 12.7311 11.7013 9.41627 8.99474 8.90085 6.23818 8.12354 5.02889 4.60438 6.08594 3.29782 2.52112 3.39363 1.61741 1.32765 0.625089 0.331655 0.141351 0.122559
threshold=-0.00041788137809509158 -0.20224999999999996 11.68138464976478 -0.00015616155174145196 0.19500000000000003 0.37235000000000007 1.6925000000000001 11.500000000000002 0.00054931390265988548 12.284319870516354 0.00060226510927909244 0.14445000000000002 1.8935000000000002 0.00057350000000000012 1.9315000000000002 -0.00073599999999999989 -0.21704999999999997 0.00024850000000000008 6.6835221663859814 -0.00040749999999999993 6.7339551075022799 -0.00020549999999999998 0.58010000000000017 5.8731875726100506 0.13465000000000002 -0.00044049999999999997 5.9967629372457578 124.50000000000001 0.70884500858092869 0.19145000000000004
decision_type=2 2 2 2 2 2 2 2 2 2 2 2 2 2 2 2 2 2 2 2 2 2 2 2 2 2 2 2 2 2
left_child=1 5 3 -2 -3 15 -7 9 21 -4 22 18 -13 16 28 -1 -10 -18 -12 -6 -21 -9 -5 -24 26 -17 -23 -28 -8 -27
right_child=2 4 7 10 19 6 14 8 13 -11 11 12 -14 -15 -16 25 17 -19 -20 20 -22 24 23 -25 -26 29 27 -29 -30 -31
leaf_value=-0.0038893479678728327 -0.04713126718889514 -0.048816946323834952 0.018219698639795466 0.0028045786884196284 0.018903740077285555 -0.029026821150613398 0.041073106538802563 -0.031433527319706056 -0.04487179648269516 -0.035267888626736243 -0.015850483250121634 0.031421198810265387 -0.018755086603550186 0.0027276640660111326 -0.0025113496391574214 0.019068852334846988 -0.001059379007331682 -0.039025084922960841 -0.052048379037535029 -0.031292220249496912 0.0080133500124558617 -0.046574511648677 0.010609280919977445 0.04420534799095617 -0.040823082099156791 0.034814620714269814 -0.051459087650196696 -0.058445852881383945 0.034026035414832907 0.040488655692697835
leaf_weight=5.3843769282102576 6.8223005011677733 9.9387399386614579 7.7595920916646701 5.9481137413531568 5.5340666435658958 8.1796095743775386 6.2837966606020945 12.092070199549196 15.558136783540244 6.862644812092185 8.077550124377014 8.7168387454003113 8.0419866070151311 9.7077116593718511 9.0516370981931669 3.0955828540027133 10.373084424063569 9.9259645342826825 6.0349107757210723 7.7570705823600274 6.5298423580825329 11.490319184958933 5.5076495651155692 5.3196657262742519 15.765618981793521 3.9595217276364592 11.876204513013365 12.604307696223257 4.324699655175209 25.43332727253437
leaf_count=39 33 48 63 43 47 47 58 63 69 36 52 78 44 65 65 29 63 47 35 49 55 54 44 51 73 48 51 51 40 243
internal_value=-0.0132424 0.00816793 -0.0246949 -0.00606486 -0.0191861 0.020556 0.00521153 -0.0328774 -0.0363519 -0.0068836 -0.00018476 -0.0103357 0.00734332 -0.0234828 0.0194564 0.0318355 -0.0305789 -0.0196241 -0.0313298 -0.00432852 -0.0133276 -0.0455386 0.0184956 0.0271157 -0.0488353 0.0377562 -0.052347 -0.0550564 0.0382003 0.0397243
internal_weight=273.957 95.4723 178.485 54.469 29.7597 65.7126 27.8397 124.016 109.393 14.6222 47.6467 30.8713 16.7588 45.5649 19.6601 37.8728 35.8572 20.299 14.1125 19.821 14.2869 63.8285 16.7754 10.8273 51.7365 32.4884 35.9708 24.4805 10.6085 29.3928
internal_count=1783 768 1015 380 199 569 210 635 536 99 347 209 122 244 163 359 179 110 87 151 104 292 138 95 229 320 156 102 98 291
is_linear=0
shrinkage=0.03


Tree=14
num_leaves=31
num_cat=0
split_feature=38 33 0 4 3 4 35 3 19 35 5 4 4 5 3 3 31 17 35 38 38 7 19 39 35 3 10 5 17 19
split_gain=70.3175 34.1738 28.5389 24.1753 19.341 16.4447 22.992 23.8393 20.1037 16.3723 10.82 21.0092 16.4534 14.7589 13.745 14.2643 16.3047 7.72703 6.71413 6.04103 2.92958 3.05147 2.59134 1.74394 1.10744 1.06555 0.925446 0.513871 0.153301 0.026956
threshold=-0.00041788137809509158 -0.19399999999999998 146.50000000000003 0.0015295000000000003 0.0010195000000000002 0.0005685000000000001 11.500000000000002 -0.00068149999999999992 10.899587097953935 16.500000000000004 -0.00015616155174145196 0.00058850000000000016 0.00065950000000000004 0.00061318985233391307 5.9500000000000003e-05 0.00049950000000000005 0.14475000000000002 -0.32484499792192323 11.500000000000002 -0.00054990797229580971 0.00055883589384688045 0.89500000000000013 12.317265089681271 -0.00030612290614220086 30.000000000000004 0.00015350000000000002 6.0161935194708756 0.00043988778528498902 0.53872366847680608 11.672189944714637
decision_type=2 2 2 2 2 2 2 2 2 2 2 2 2 2 2 2 2 2 2 2 2 2 2 2 2 2 2 2 2 2
left_child=1 5 18 4 10 8 7 -7 -1 19 -4 17 13 -13 -14 -16 -17 -12 -2 23 21 22 27 -3 28 -24 -19 -20 29 -8
right_child=2 9 3 -5 -6 6 24 -9 -10 -11 11 12 14 -15 15 16 -18 26 20 -21 -22 -23 25 -25 -26 -27 -28 -29 -30 -31
leaf_value=-0.042503250796387226 -0.014326634247974361 0.0022815687689681109 -0.042014345557372525 -0.056787822470503173 0.038804596848421108 -0.050342411373482172 0.041325499894018083 0.027794487158832322 0.033839574842314368 -0.049241859029725159 -0.0047055395359496014 -0.0042104061669003285 -0.033493210047045363 -0.054949958031605337 0.04226893895961846 -0.035572988834579516 0.021875993823949866 0.046556517184950692 -0.049379613335097383 -0.022833219085165293 -0.02654703404729954 -0.028312547272856651 -0.030095663361198875 0.029128300861672635 0.02529196648820628 -0.044868843474637758 0.028352537728066715 -0.05751101486056176 0.034690945974960273 0.039519332817376275
leaf_weight=7.6302012875676137 9.4670703429728729 4.5114919692277899 10.012545431032775 10.503428459167479 7.1041636578738681 6.2877325713634491 12.850193150341513 7.9667708035558444 5.2339015398174524 10.903269140049813 6.3576602470129755 7.9328847210854319 10.437289468944071 14.757542639970778 7.4559107962995794 8.9911028072237986 8.795914435759185 5.0798830762505514 17.408542562276129 6.5808484964072731 10.201041987165807 9.2826509457081539 8.1213932763785142 4.2096379902213803 5.7579442635178557 9.5742303188890201 4.9747955873608589 11.692709743976591 5.1641793102025977 17.652914881706238
leaf_count=38 59 43 49 48 63 29 119 79 52 54 43 55 55 63 66 52 69 46 77 40 52 48 40 40 51 43 40 47 48 175
internal_value=-0.0128928 0.0079885 -0.0239985 -0.0136715 -0.00874362 0.0191286 0.0261917 -0.00667209 -0.0114423 -0.0211502 -0.0127272 -0.00880601 -0.0172377 -0.0372107 -0.00453601 0.00743703 -0.00716371 0.0211812 -0.0379595 -0.00113378 -0.0413351 -0.0440251 -0.0471418 0.0152403 0.0375001 -0.0380887 0.0375497 -0.0526468 0.039471 0.0402802
internal_weight=272.9 94.7491 178.151 102.403 91.8997 68.5438 55.6797 14.2545 12.8641 26.2052 84.7955 74.783 58.3706 22.6904 35.6802 25.2429 17.787 16.4123 75.7476 15.302 66.2806 56.0795 46.7969 8.72113 41.4252 17.6956 10.0547 29.1013 35.6673 30.5031
internal_count=1783 768 1015 649 601 591 501 108 90 177 538 489 360 118 242 187 121 129 366 123 307 255 207 83 393 83 86 124 342 294
is_linear=0
shrinkage=0.03


Tree=15
num_leaves=31
num_cat=0
split_feature=38 33 1 3 20 30 11 20 5 6 14 36 3 35 14 6 19 2 38 20 22 20 9 2 20 29 20 35 20 17
split_gain=62.9745 33.7056 23.7412 18.6782 18.0436 13.2045 13.1642 11.3322 10.5986 20.871 10.5643 10.4263 8.45604 8.40236 7.35144 5.59516 5.53 4.02136 3.85981 3.68702 3.58495 3.54543 3.5433 3.49804 3.05182 1.96348 1.5793 0.698186 0.212391 0.0469234
threshold=-0.00041788137809509158 -0.20224999999999996 0.4883333333333334 0.00064500000000000007 1.9515000000000002 0.37235000000000007 0.80500000000000016 1.6925000000000001 0.00060226510927909244 0.70500000000000007 6.2912912845914599 0.10960000000000002 -0.00073599999999999989 15.500000000000002 5.8643815565242212 0.80500000000000016 11.771451600410449 -5.9499999999999989e-05 0.00067164174794370583 2.0535000000000005 0.0035000000000000005 1.7915000000000003 5.6121050027122745 -0.00021149999999999996 1.5375000000000003 6.734793772788036 1.7535000000000001 7.5000000000000009 1.6185000000000003 0.44652569802899805
decision_type=2 2 2 2 2 2 2 2 2 2 2 2 2 2 2 2 2 2 2 2 2 2 2 2 2 2 2 2 2 2
left_child=1 5 11 8 15 12 14 -7 9 17 21 22 -1 -9 -3 -5 20 -4 -12 -15 -11 -10 -2 -24 -25 -16 -26 -14 -17 -29
right_child=2 6 3 4 -6 7 -8 13 10 16 18 -13 27 19 25 28 -18 -19 -20 -21 -22 -23 23 24 26 -27 -28 29 -30 -31
leaf_value=-0.0008298180378698975 -0.051283329249747767 -0.032786729268211127 -0.04967523336970503 0.0053321557785563209 -0.023171795416051418 -0.025639694059233276 -0.048105974952660259 -0.016731527794067017 0.0025875893042170742 0.045036509382904703 -0.054593879122121818 -0.0059647821268738483 0.025566345818539882 0.039612881654591342 -0.0036230001628105848 0.035475275362225105 -0.0085968772772909985 -0.019111157229778429 -0.030846786295222365 0.0065909981525219073 0.011113377262849115 -0.025913023227403922 -0.018029730025193546 -0.024158469463217598 -0.051685112828386448 0.019088803858341274 -0.037276252088129437 0.039863387740338367 0.044068638896608885 0.036655242610332019
leaf_weight=6.1625733766704789 18.769080692902207 6.0126899816095891 7.9888625778257847 6.9432511255145135 10.817028649151323 8.2053057476878184 9.4831740874797088 4.9870393499732044 7.392220437526702 4.7411303706467169 13.72421406209469 9.0734416805207712 3.8038890212774303 9.2239960059523565 7.3409990072250348 4.8102774024009687 7.1288448609411708 7.5223725754767639 11.17678267508745 4.5413107648491851 6.861085431650281 8.3831521049141866 8.1909516081213933 8.5986429210752231 14.010745611041786 6.4234637394547462 13.388052759692071 22.50446095131338 5.6043651476502419 5.0181647688150397
leaf_count=44 81 38 39 55 63 49 46 32 49 41 62 57 38 91 58 43 42 49 57 35 58 47 46 44 59 50 63 237 48 48
internal_value=-0.0121941 0.00765544 -0.0228154 -0.0135824 0.00724031 0.0197788 -0.0190467 0.00376511 -0.0214133 -0.0091151 -0.0317661 -0.03603 0.031294 0.0166315 -0.0051128 0.0261924 0.0121983 -0.0348528 -0.043935 0.0287186 0.0249757 -0.0125579 -0.040363 -0.0357246 -0.039751 0.00697592 -0.0446444 0.0376134 0.0400996 0.0392785
internal_weight=268.832 93.7071 175.125 103.094 28.1749 64.4467 29.2603 26.9577 74.9187 34.2423 40.6764 72.0309 37.4891 18.7523 19.7772 17.3579 18.7311 15.5112 24.901 13.7653 11.6022 15.7754 62.9575 44.1884 35.9974 13.7645 27.3988 31.3265 10.4146 27.5226
internal_count=1769 766 1003 653 209 574 192 207 444 229 215 350 367 158 146 146 141 88 119 126 99 96 293 212 166 108 122 323 91 285
is_linear=0
shrinkage=0.03


Tree=16
num_leaves=31
num_cat=0
split_feature=38 33 0 4 4 38 4 5 19 5 30 4 35 11 36 14 4 0 4 4 9 2 20 0 29 20 38 19 35 5
split_gain=59.3841 31.9919 22.4448 23.6856 16.5254 27.0858 19.9124 23.185 15.6646 14.1502 12.7391 15.9821 27.4076 12.459 9.89631 6.88944 5.42833 8.08635 4.86758 5.20858 3.39691 3.92542 2.97077 2.93286 1.8569 1.48242 0.387588 0.247613 0.18833 0.180028
threshold=-0.00041788137809509158 -0.20224999999999996 146.50000000000003 0.0015295000000000003 0.00067150000000000011 0.00055863947262056615 0.00064650000000000005 0.00032382376819425424 11.771451600410449 0.00065324366527343733 0.37235000000000007 0.00057550000000000017 12.500000000000002 0.80500000000000016 0.10960000000000002 5.8643815565242212 0.00091900000000000011 233.50000000000003 0.00083350000000000015 0.0010275000000000002 5.6121050027122745 -0.00021849999999999997 1.5375000000000003 239.50000000000003 6.734793772788036 1.7535000000000001 0.00056719634650540202 11.208097196887492 20.500000000000004 -0.00065061352481022227
decision_type=2 2 2 2 2 2 2 2 2 2 2 2 2 2 2 2 2 2 2 2 2 2 2 2 2 2 2 2 2 2
left_child=1 10 14 4 6 9 7 -4 26 -6 18 -12 -13 15 20 -3 17 -7 27 -20 -2 -22 -23 -8 -17 -24 -9 -1 -18 -14
right_child=2 13 3 -5 5 16 23 8 -10 -11 11 12 29 -15 -16 24 28 -19 19 -21 21 22 25 -25 -26 -27 -28 -29 -30 -31
leaf_value=0.030204032491125167 -0.050024300891005721 -0.03166830293897762 -0.03647130617453969 -0.055255768187071806 0.0089155960490771811 -0.0060349098472724794 -0.031104016398796664 0.031081722705030766 -0.014960568923164426 -0.047148084978825257 -0.03584880076715586 -0.04265827409379979 0.039930320992913257 -0.046833306372081572 -0.0057835619668510068 -0.0035118248923872802 0.039286295784851842 0.040822144517282208 0.00096047847347394426 0.041068346047882606 -0.015290104138844419 -0.023455830463729951 -0.050426979524281823 -0.055680271379941207 0.018596570382700937 -0.036562287536110627 0.042425840497069947 0.039748574486316586 0.047446936415627847 0.032568687949869224
leaf_weight=2.7587774004787233 18.665751859545708 6.0378894358873429 13.521826798096297 10.79029520973563 7.0557348895818022 7.6583324894309062 7.6510501429438618 4.5388323515653628 9.1632836386561376 9.5167194008827192 6.8539882525801685 5.1130777075886753 10.700712047517301 9.4491460956633073 9.0769587680697423 7.3461137562990171 5.2381750196218473 5.8442205637693405 7.9470420330762845 4.6013527028262615 7.6963058598339549 8.5906530544161779 14.183338735252621 10.191483879461883 6.3961008749902248 13.591445490717886 6.7296752855181694 21.59566087462008 4.9505548793822527 4.1489545255899385
leaf_count=29 81 38 73 50 57 50 40 41 53 44 36 27 104 46 57 58 47 55 66 45 44 44 60 43 50 64 60 227 40 40
internal_value=-0.0118808 0.00749138 -0.0221904 -0.0132045 -0.00827568 0.00614062 -0.0194822 -0.00599818 0.014169 -0.0232789 0.0194118 0.00367631 0.0172468 -0.0184951 -0.0350615 -0.00495763 0.0267201 0.0142459 0.0308466 0.0156676 -0.0392982 -0.0347543 -0.0388737 -0.0451417 0.00677819 -0.0436424 0.0378566 0.0386674 0.0432514 0.0378735
internal_weight=267.603 92.9488 174.655 102.85 92.0599 40.2637 51.7962 33.9536 20.4318 16.5725 63.7196 26.8167 19.9627 29.2293 71.8045 19.7801 23.6913 13.5026 36.9028 12.5484 62.7275 44.0617 36.3654 17.8425 13.7422 27.7748 11.2685 24.3544 10.1887 14.8497
internal_count=1769 766 1003 653 603 293 310 227 154 101 574 207 171 192 350 146 192 105 367 111 293 212 168 83 108 124 101 256 87 144
is_linear=0
shrinkage=0.03


Tree=17
num_leaves=31
num_cat=0
split_feature=38 33 0 4 3 3 4 4 19 28 24 30 2 30 40 16 38 11 4 31 34 0 4 30 3 20 16 33 4 19
split_gain=56.1007 30.401 21.177 22.4019 20.2559 12.4682 17.7825 26.4621 13.9887 12.4366 12.1604 9.97706 6.69895 6.52874 5.77134 5.32697 5.04367 4.79657 4.74778 4.26031 7.5347 9.40962 4.1091 3.70981 4.2946 2.25213 0.506098 0.864681 0.0305975 0.0112093
threshold=-0.00041788137809509158 -0.20224999999999996 146.50000000000003 0.0015295000000000003 0.0010025000000000001 1.0000000180025095e-35 0.0006665000000000001 0.00064650000000000005 11.771451600410449 6.6139341865122123 0.50750000000000017 0.37235000000000007 0.00014050000000000003 0.80105000000000015 0.20500000000000004 0.22216801037230924 0.00051574397969290269 0.30500000000000005 0.00089050000000000012 0.10895000000000001 0.35730000000000001 122.50000000000001 0.00087100000000000014 0.40670000000000001 -0.0012929999999999997 1.7295000000000003 -0.042407205877583939 -0.23504999999999995 0.0005685000000000001 11.693015300809902
decision_type=2 2 2 2 2 2 2 2 2 2 2 2 2 2 2 2 2 2 2 2 2 2 2 2 2 2 2 2 2 2
left_child=1 9 13 4 5 17 7 8 16 23 14 22 -8 19 15 -3 -7 -4 -14 -2 21 -21 -11 24 -1 -22 27 -26 -28 -30
right_child=2 10 3 -5 -6 6 12 -9 -10 11 -12 -13 18 -15 -16 -17 -18 -19 -20 20 25 -23 -24 -25 26 -27 28 -29 29 -31
leaf_value=0.0012391061633631613 -0.054715388335448527 -0.034615610266234713 -0.017407386507911134 -0.053862669641458118 0.041992901755565783 0.0039263415936736865 0.0435288697427611 -0.045287266477470348 -0.024438188555838802 0.039428090207906261 0.018211551377926995 -0.017627766266403232 0.023381951703594337 -0.0093149554201992675 -0.048142056095036648 0.0019816479243768706 0.041786117034556855 -0.04381254428983148 -0.0095958477915243003 -0.036778316384374975 -0.050772233296912272 0.0019802251171964153 0.0034955041239082846 0.0090849084047954533 0.021164811498133984 -0.033544378058781209 0.042208908165677454 0.040476889352185533 0.040320829160714354 0.038631608399885102
leaf_weight=3.3414942771196356 10.686419406905769 7.3426084741950088 13.069594565778972 10.738056987524031 6.7406491767615071 5.7076108641922492 6.1335751544684198 16.723405165597796 8.6492070201784355 5.7862408161163348 6.4993331693112841 11.840251408517359 7.7042575515806666 8.4114541690796596 8.3591065313667041 6.9844492264091969 7.1142645105719566 11.764934079721568 8.0183068327605707 14.134387046098711 17.865143144503239 9.3776196762919408 5.6719248816370964 6.7703326344490042 4.1530278287827969 11.055392537266014 3.3770825918763903 4.1935900375247019 4.8679272942245033 12.916229657828806
leaf_count=26 45 37 73 50 63 44 55 77 48 58 64 78 61 56 45 46 66 59 57 64 76 55 46 55 41 54 38 41 49 142
internal_value=-0.0115919 0.00733898 -0.0216187 -0.0128672 -0.00806274 -0.0120376 -0.00464367 -0.016993 0.00504477 0.0190778 -0.0179675 0.00168464 0.0169374 -0.0341426 -0.0283324 -0.0167744 0.024933 -0.0299164 0.0065637 -0.0374512 -0.0339325 -0.0213197 0.021641 0.0293058 0.0334734 -0.0441866 0.0371236 0.0308678 0.0395911 0.039094
internal_weight=265.998 92.1036 173.894 102.364 91.6258 84.8852 60.0506 38.1945 21.4711 62.9181 29.1855 23.2984 21.8561 71.5304 22.6862 14.3271 12.8219 24.8345 15.7226 63.119 52.4325 23.512 11.4582 39.6197 32.8494 28.9205 29.5079 8.34662 21.1612 17.7842
internal_count=1769 766 1003 653 603 540 408 235 158 574 192 182 173 350 128 83 110 132 118 294 249 119 104 392 337 130 311 82 229 191
is_linear=0
shrinkage=0.03


Tree=18
num_leaves=31
num_cat=0
split_feature=38 33 19 5 4 4 4 28 7 30 38 4 4 13 35 25 16 4 38 38 4 30 3 14 4 20 4 2 14 16
split_gain=53.0228 28.849 18.9253 15.0189 14.7236 29.6436 25.7407 11.9826 11.468 9.43684 7.48994 13.3676 22.8578 10.7819 8.27757 6.73975 7.25756 5.89377 5.27434 4.47274 4.00511 3.96953 3.55924 3.21773 2.86748 3.2547 1.03069 0.833775 0.649714 0.517804
threshold=-0.00041788137809509158 -0.20224999999999996 11.693015300809902 -0.00012886013098553387 0.00064650000000000005 0.00067150000000000011 0.0015265000000000003 6.6139341865122123 0.19500000000000003 0.37235000000000007 0.00055863947262056615 0.0015115000000000003 0.00093950000000000012 0.01 13.500000000000002 0.49250000000000005 0.2713477310100329 0.00072750000000000017 0.00039991850189017919 0.00052309806656099277 0.00087100000000000014 0.41615000000000008 -0.0013519999999999997 6.5254181432470952 0.00092550000000000011 1.6415000000000002 0.00054900000000000012 -2.0499999999999997e-05 6.5515577417475646 -0.38584920329476402
decision_type=2 2 2 2 2 2 2 2 2 2 2 2 2 2 2 2 2 2 2 2 2 2 2 2 2 2 2 2 2 2
left_child=1 7 3 -2 18 -6 19 21 -3 20 14 12 13 -12 -4 16 -10 -15 -5 -7 -9 22 -1 24 25 -16 -24 -25 -21 -28
right_child=2 8 10 4 5 6 -8 9 15 -11 11 -13 -14 17 23 -17 -18 -19 -20 28 -22 -23 26 27 -26 -27 29 -29 -30 -31
leaf_value=0.0035657146644466043 -0.044939438252116985 -0.044817688120492929 -0.011668859071517214 0.00010667902573958275 -0.050516428983841961 0.0053071442660839047 -0.048309430743874254 0.039066000238582158 -0.035486180190484794 -0.017028217454104575 0.0013228584975296896 -0.049619570001131666 0.038504195678141298 -0.019149724724163951 -0.041119653534735956 0.021747338733313373 0.0085648752473043866 -0.053310872553747349 0.038898988701594785 0.044106337892133606 0.0033948983794268553 0.0012524213169634274 0.020841027160358759 -0.039007191665778214 -0.045507804931563346 -0.017289898263359881 0.026687779707367316 -0.050221308421118084 0.029628403535050519 0.039001558816681839
leaf_weight=3.5187773555517188 7.9181800279766312 9.3612541090697068 12.331081781536339 4.8070700839161864 11.365066742524503 5.711938424035913 5.3753920830786219 5.6664867550134677 7.6876415722072142 11.8886671513319 11.262009939178826 9.7967193573713285 7.0182204060256472 9.1984246298670787 8.2567264158278721 6.0881694648414841 5.9878422170877457 8.9856013804674131 9.1752884387969953 6.4531200136989337 5.6649175137281418 4.1851027011871329 3.8461015019565847 9.0295388828963059 10.149625230580567 13.74661113321781 3.5256614871323135 17.593634016811848 4.9139362778514624 23.96161949262023
leaf_count=27 37 46 77 37 50 48 30 58 42 78 72 41 60 50 40 62 42 38 85 57 46 33 38 42 45 73 34 75 46 260
internal_value=-0.0113077 0.00717935 -0.0210679 -0.0066707 -0.000331636 -0.0110373 0.00894469 0.0187084 -0.0174651 0.00164323 -0.0279029 -0.0185071 -0.0101483 -0.0217442 -0.0340157 -0.00450921 -0.0161983 -0.0360304 0.0255624 0.0269647 0.0212329 0.028859 0.0321741 -0.038704 -0.0323167 -0.026232 0.0353868 -0.0464179 0.0378476 0.0374221
internal_weight=264.47 91.3822 173.088 55.72 47.8018 33.8195 22.4544 62.2573 29.1249 23.2201 117.368 46.261 36.4643 29.446 71.1072 19.7637 13.6755 18.184 13.9824 17.079 11.3314 39.0373 34.8522 58.7761 32.153 22.0033 31.3334 26.6232 11.3671 27.4873
internal_count=1769 766 1003 390 353 231 181 574 192 182 613 261 220 160 352 146 84 88 122 151 104 392 359 275 158 113 332 117 103 294
is_linear=0
shrinkage=0.03


Tree=19
num_leaves=31
num_cat=0
split_feature=5 25 31 4 35 0 4 3 4 3 4 4 35 0 34 3 31 0 36 2 30 20 0 34 22 0 30 0 10 10
split_gain=40.7515 32.9255 20.6483 20.7984 19.8136 19.7232 22.0635 19.1602 17.4758 10.1593 16.78 21.6592 11.1124 8.55392 7.00496 6.64818 8.35344 3.75023 3.51031 3.47547 2.93867 2.7307 2.631 1.68547 1.14523 0.790757 0.514589 0.343579 0.110658 0.0736822
threshold=-0.00046152563417748154 0.49250000000000005 0.12335000000000002 0.00055150000000000002 11.500000000000002 146.50000000000003 0.0015295000000000003 0.0010025000000000001 0.00083350000000000015 -1.0000000180025095e-35 0.0006665000000000001 0.00064650000000000005 18.500000000000004 172.50000000000003 0.33420000000000005 0.00041650000000000004 0.13710000000000003 253.50000000000003 0.10785000000000002 -0.00021849999999999997 0.41615000000000008 1.5335000000000003 178.50000000000003 0.37700000000000006 0.013500000000000002 154.50000000000003 0.25665000000000004 218.50000000000003 5.5451170541750061 6.4961481134789114
decision_type=2 2 2 2 2 2 2 2 2 2 2 2 2 2 2 2 2 2 2 2 2 2 2 2 2 2 2 2 2 2
left_child=2 5 13 -4 8 18 7 9 -5 14 11 12 -11 -1 22 -12 -17 26 19 -2 25 -21 -7 24 29 -6 -3 -14 -27 -23
right_child=1 17 3 4 20 6 -8 -9 -10 10 15 -13 27 -15 -16 16 -18 -19 -20 21 -22 23 -24 -25 -26 28 -28 -29 -30 -31
leaf_value=-0.043221218413616688 -0.021518245635871871 0.030744314649289766 -0.033664298725114859 0.031758442256784369 0.027013528683135602 -0.046750547779381368 -0.050055555113621815 0.04122563400230328 -0.039416706081191293 -0.017082480215627371 0.041524626309193659 -0.042923334226756031 0.022068331529307816 0.0018025468721960989 -0.0016337103839102543 -0.019369186628532365 0.02482700456564613 0.0057714472285162743 -0.016433191800975664 -0.0259322905471286 0.0091739245240238503 -0.052284654579302314 -0.024480487024207884 -0.032694942259251805 -0.037988485026627869 0.033733122010400678 0.04559313697391526 0.033651841298813455 0.039011241942733074 -0.048773108341757833
leaf_weight=8.4947191122919303 11.264850448817013 3.7550698406994325 6.7200381662696591 5.2978860270231944 7.1460930705070487 10.832110030576585 13.067164432257412 6.5084157586097708 7.4999249372631311 11.074567636474976 6.3152792938053635 16.673343047499657 4.9688712079077941 6.8683723285794249 6.8476634267717591 6.9718877933919421 8.5925144143402559 4.7442539408802977 8.883772684261201 10.054409783333538 4.1395257636904708 11.474250057712203 8.5374416261911374 10.010795027017592 9.1777114290744048 4.2174006998538998 4.7670234758406878 4.2979551404714584 23.466543607413769 10.12182781845331
leaf_count=43 61 42 38 61 73 49 65 62 41 65 53 77 42 48 45 44 73 45 48 52 34 48 49 47 43 41 54 40 242 44
internal_value=-0.0110374 -0.0184232 0.00785879 0.0159889 0.0224344 -0.0218647 -0.0135872 -0.00838597 -0.00995246 -0.0121797 -0.00526436 -0.0175759 0.00320075 -0.0230925 -0.0277144 0.0155636 0.00502985 0.0271493 -0.0340718 -0.0365949 0.0330705 -0.0399356 -0.0369347 -0.0433877 -0.0468661 0.0359106 0.0390503 0.0274408 0.0382072 -0.0506388
internal_weight=262.792 188.941 73.8505 58.4874 51.7674 175.675 104.687 91.62 12.7978 85.1116 58.8944 37.0147 20.3414 15.3631 26.2172 21.8797 15.5644 13.2663 70.9876 62.1038 38.9696 50.839 19.3696 40.7846 30.7738 34.83 8.52209 9.26683 27.6839 21.5961
internal_count=1769 1148 621 530 492 1007 664 599 102 537 394 224 147 91 143 170 117 141 343 295 390 234 98 182 135 356 96 82 283 92
is_linear=0
shrinkage=0.03


end of trees

feature_importances:
Column_4=78
Column_20=59
Column_35=50
Column_19=41
Column_0=39
Column_38=37
Column_3=36
Column_33=33
Column_5=31
Column_30=29
Column_2=26
Column_16=16
Column_34=14
Column_31=11
Column_9=10
Column_17=10
Column_10=8
Column_36=8
Column_11=7
Column_14=7
Column_28=7
Column_29=7
Column_25=6
Column_6=5
Column_7=5
Column_1=4
Column_13=3
Column_15=3
Column_39=3
Column_21=2
Column_22=2
Column_24=1
Column_26=1
Column_40=1

parameters:
[boosting: gbdt]
[objective: binary]
[metric: binary_logloss]
[tree_learner: serial]
[device_type: cpu]
[data_sample_strategy: bagging]
[data: ]
[valid: ]
[num_iterations: 20]
[learning_rate: 0.03]
[num_leaves: 31]
[num_threads: 0]
[seed: 0]
[deterministic: 0]
[force_col_wise: 0]
[force_row_wise: 0]
[histogram_pool_size: -1]
[max_depth: -1]
[min_data_in_leaf: 41]
[min_sum_hessian_in_leaf: 0.001]
[bagging_fraction: 0.85]
[pos_bagging_fraction: 1]
[neg_bagging_fraction: 1]
[bagging_freq: 5]
[bagging_seed: 3]
[bagging_by_query: 0]
[feature_fraction: 0.85]
[feature_fraction_bynode: 1]
[feature_fraction_seed: 2]
[extra_trees: 0]
[extra_seed: 6]
[early_stopping_round: 0]
[early_stopping_min_delta: 0]
[first_metric_only: 0]
[max_delta_step: 0]
[lambda_l1: 0]
[lambda_l2: 0]
[linear_lambda: 0]
[min_gain_to_split: 0]
[drop_rate: 0.1]
[max_drop: 50]
[skip_drop: 0.5]
[xgboost_dart_mode: 0]
[uniform_drop: 0]
[drop_seed: 4]
[top_rate: 0.2]
[other_rate: 0.1]
[min_data_per_group: 100]
[max_cat_threshold: 32]
[cat_l2: 10]
[cat_smooth: 10]
[max_cat_to_onehot: 4]
[top_k: 20]
[monotone_constraints: ]
[monotone_constraints_method: basic]
[monotone_penalty: 0]
[feature_contri: ]
[forcedsplits_filename: ]
[refit_decay_rate: 0.9]
[cegb_tradeoff: 1]
[cegb_penalty_split: 0]
[cegb_penalty_feature_lazy: ]
[cegb_penalty_feature_coupled: ]
[path_smooth: 0]
[interaction_constraints: ]
[verbosity: -1]
[saved_feature_importance_type: 0]
[use_quantized_grad: 0]
[num_grad_quant_bins: 4]
[quant_train_renew_leaf: 0]
[stochastic_rounding: 1]
[linear_tree: 0]
[max_bin: 255]
[max_bin_by_feature: ]
[min_data_in_bin: 3]
[bin_construct_sample_cnt: 200000]
[data_random_seed: 1]
[is_enable_sparse: 1]
[enable_bundle: 1]
[use_missing: 1]
[zero_as_missing: 0]
[feature_pre_filter: 1]
[pre_partition: 0]
[two_round: 0]
[header: 0]
[label_column: ]
[weight_column: ]
[group_column: ]
[ignore_column: ]
[categorical_feature: ]
[forcedbins_filename: ]
[precise_float_parser: 0]
[parser_config_file: ]
[objective_seed: 5]
[num_class: 1]
[is_unbalance: 0]
[scale_pos_weight: 0.553744]
[sigmoid: 1]
[boost_from_average: 1]
[reg_sqrt: 0]
[alpha: 0.9]
[fair_c: 1]
[poisson_max_delta_step: 0.7]
[tweedie_variance_power: 1.5]
[lambdarank_truncation_level: 30]
[lambdarank_norm: 1]
[label_gain: ]
[lambdarank_position_bias_regularization: 0]
[eval_at: ]
[multi_error_top_k: 1]
[auc_mu_weights: ]
[num_machines: 1]
[local_listen_port: 12400]
[time_out: 120]
[machine_list_filename: ]
[machines: ]
[gpu_platform_id: -1]
[gpu_device_id: -1]
[gpu_use_dp: 0]
[num_gpu: 1]

end of parameters

pandas_categorical:null
