tree
version=v4
num_class=1
num_tree_per_iteration=1
label_index=0
max_feature_idx=51
objective=binary sigmoid:1
feature_names=Column_0 Column_1 Column_2 Column_3 Column_4 Column_5 Column_6 Column_7 Column_8 Column_9 Column_10 Column_11 Column_12 Column_13 Column_14 Column_15 Column_16 Column_17 Column_18 Column_19 Column_20 Column_21 Column_22 Column_23 Column_24 Column_25 Column_26 Column_27 Column_28 Column_29 Column_30 Column_31 Column_32 Column_33 Column_34 Column_35 Column_36 Column_37 Column_38 Column_39 Column_40 Column_41 Column_42 Column_43 Column_44 Column_45 Column_46 Column_47 Column_48 Column_49 Column_50 Column_51
monotone_constraints=0 0 0 0 0 0 0 0 0 0 0 0 0 0 0 0 0 0 0 0 -1 -1 -1 0 0 0 -1 0 1 0 0 1 1 -1 1 1 1 0 0 0 -1 0 0 0 0 0 0 0 0 0 1 1
feature_infos=[30:298] [0.10000000000000001:0.99333333333333329] [-0.0025010000000000002:0.0025100000000000001] [-0.0022390000000000001:0.0029039999999999999] [0.00016200000000000001:0.0036440000000000001] [-0.0035543215954388792:0.0021612352769147] [0.050000000000000003:0.95999999999999996] [0.040000000000000001:0.94999999999999996] [0:0.18999999999999995] [0:10.350550673984042] [0:10.385930985581671] [0.050000000000000003:0.95999999999999996] [0.040000000000000001:0.94999999999999996] [0:0.040000000000000036] [0:10.385930985581671] [0:10.350550673984042] [-1:1] [-1:1] [0.044999999999999998:0.95499999999999996] [4.9199809258281251:12.792533431843621] [0.89000000000000001:18.091000000000001] [0.001:3.5990000000000002] [0.001:3.5990000000000002] [0:1] [0.050000000000000003:0.59999999999999998] [0.040000000000000001:0.58999999999999997] [0:0.03999999999999998] [0:10.385930985581671] [0:10.350550673984042] [-1:1] [0.050000000000000003:0.94999999999999996] [0.027199999999999998:0.70999999999999996] [0.027199999999999998:0.70999999999999996] [-0.71999999999999997:-0.037199999999999997] [0.064399999999999999:1.4299999999999999] [6:100] [0:0.71499999999999997] [0:1] [-0.0029388215981828399:0.001691061651382366] [-0.0012865834292411749:0.00076230461926900532] [0:4.2199999999999998] [-0.095191363547900532:0.094078034792490606] [-0.037453183565191187:0.042048666249619039] [-0.092097444586332899:0.097154072074661368] [-0.04273798864715378:0.037453183565191152] [-0.04273798864715378:0.03338102235756988] [0:2272.1444867540049] [-0.0011284249615957271:0.0017009215007629886] [-0.0021640000000000001:0.001588] [-0.0012865834292411749:0.0019918996459743913] [0.050000000000000003:0.94999999999999996] [0.050000000000000003:0.94999999999999996]
tree_sizes=2794 2716 3448 3364 3015 3134 3449

Tree=0
num_leaves=25
num_cat=0
split_feature=46 6 31 38 49 38 4 19 11 33 5 46 39 42 41 42 48 3 41 4 38 3 4 41
split_gain=88.6618 71.3567 50.3393 25.9299 30.6673 24.629 23.6011 29.2123 39.3997 23.4611 21.7673 19.8724 20.376 18.5337 16.6818 14.9964 13.2689 8.85139 8.47228 8.3218 6.13865 6.04839 1.74863 1.59221
threshold=1345.8926665845308 0.18500000000000003 0.37080000000000007 -0.0008848420566777024 2.2351278904780232e-05 -0.00040159448027927497 0.0013070000000000002 12.36890543728054 0.60500000000000009 -0.20224999999999996 -0.00042197137519892525 1534.1657429254449 -0.00033872994529779947 0.0039712744549663791 -0.0072736309095100546 -0.001999133710182953 -0.00024099999999999992 0.00083000000000000012 0.0079984004358564318 0.00066550000000000018 -0.00068432806254083362 0.00015050000000000003 0.00083250000000000002 -0.0019796100040775006
decision_type=2 2 2 2 2 2 2 2 2 2 2 2 2 2 2 2 2 2 2 2 2 2 2 2
left_child=2 22 6 -3 10 -4 7 8 17 -9 20 12 -12 15 -10 -14 -13 -1 -6 23 -5 -18 -2 -16
right_child=1 3 5 4 18 -7 -8 9 14 -11 11 16 13 -15 19 -17 21 -19 -20 -21 -22 -23 -24 -25
leaf_value=-0.26425122874690454 -0.20273808162621765 -0.29454380296876409 -0.20917900859484617 -0.2444493089045002 -0.29622719614040194 -0.26425122874690454 -0.30452521765177382 -0.26996349551309845 -0.26425122874690454 -0.30918411353743491 -0.21449220078426398 -0.24752759141075528 -0.26151229561070394 -0.27146442247929081 -0.29199384279376872 -0.21892600815007701 -0.26430603288605253 -0.29355519749863856 -0.26336969549169437 -0.27874328933084003 -0.21655465252549211 -0.28921912656419074 -0.2244580027516819 -0.31155853888242158
leaf_weight=126.80529052019119 22.362948521971703 13.024574413895605 14.744801223278047 13.270321100950239 14.253307849168779 13.516067788004873 23.100188583135605 24.574668705463409 15.973534658551214 31.455575942993164 16.465028032660484 19.659734964370728 12.778827726840975 24.083175331354141 12.778827726840971 16.956521406769753 16.465028032660484 13.761814475059508 13.270321100950239 18.431001529097557 21.379961773753166 18.185254842042923 13.761814475059508 20.39697502553463
leaf_count=516 91 53 60 54 58 55 94 100 65 128 67 80 52 98 52 69 67 56 54 75 87 74 56 83
internal_value=-0.261857 -0.247978 -0.272246 -0.255115 -0.252208 -0.234682 -0.276024 -0.273382 -0.268139 -0.292417 -0.247151 -0.253152 -0.24273 -0.252085 -0.287983 -0.236604 -0.266751 -0.264251 -0.280976 -0.296184 -0.226436 -0.277768 -0.209768 -0.30511
internal_weight=551.456 235.917 315.539 199.792 186.767 28.2609 287.278 264.178 208.147 56.0302 159.244 124.594 70.2836 53.8185 67.5803 29.7353 54.31 140.567 27.5236 51.6068 34.6503 34.6503 36.1248 33.1758
internal_count=2244 960 1284 813 760 115 1169 1075 847 228 648 507 286 219 275 121 221 572 112 210 141 141 147 135
is_linear=0
shrinkage=1


Tree=1
num_leaves=24
num_cat=0
split_feature=46 6 31 38 4 4 38 4 19 11 33 6 30 3 43 27 33 38 4 3 5 4 42
split_gain=82.7894 66.7813 47.2246 24.5479 26.9206 42.2127 23.0596 22.6712 28.1195 37.5778 22.3809 19.0016 24.5319 23.0512 17.4529 15.4514 13.2579 12.2346 8.833 7.97216 6.96922 1.59618 0.796566
threshold=1345.8926665845308 0.18500000000000003 0.37080000000000007 -0.0008848420566777024 0.00051650000000000014 0.0006485000000000001 -0.00040159448027927497 0.0013070000000000002 12.36890543728054 0.60500000000000009 -0.20224999999999996 0.25500000000000006 0.63565000000000016 0.00066250000000000011 0.0078362234408680936 6.3296228280916997 -0.19964999999999997 0.00024056545886337331 0.00066550000000000018 0.00083000000000000012 0.00033190448627070718 0.00083250000000000002 -0.0013048475693156331
decision_type=2 2 2 2 2 2 2 2 2 2 2 2 2 2 2 2 2 2 2 2 2 2 2
left_child=2 21 7 -3 15 16 -4 8 9 19 -10 -7 17 -14 18 -5 20 -13 22 -1 -6 -2 -11
right_child=1 3 6 4 5 11 -8 -9 10 14 -12 12 13 -15 -16 -17 -18 -19 -20 -21 -22 -23 -24
leaf_value=-0.0018346847263602385 0.057526447252151093 -0.03141452395801151 0.051384947176133587 0.0049555958020486325 0.031756480072716024 0.030114682181774464 -0.0018346847263602385 -0.041185720732397409 -0.0073874099388373847 -0.030946426951956638 -0.04575660664605944 -0.0025145579079476474 -0.0058185727714698222 0.042088714217253673 -0.0018346847263602385 -0.03530164834588656 0.016079690137919312 -0.033357259070084237 -0.015475974376321828 -0.030442408578326256 0.062479284339920144 0.036686243728995281 -0.048209953971490568
leaf_weight=126.77397322654724 22.51782064139843 12.966725170612333 14.837104976177217 17.455724343657494 18.238990664482117 18.246576800942421 13.512729704380034 22.963489174842834 24.549974501132965 12.714129954576491 31.247262954711914 24.334941372275352 19.880958139896393 15.26193295419216 16.213855788111687 15.479224756360052 20.921693250536919 21.386748760938644 18.145250499248505 13.702668428421019 15.759765505790709 13.825135350227354 20.268096670508385
leaf_count=516 91 53 60 71 74 74 55 94 100 52 128 99 81 62 66 63 85 87 74 56 64 56 83
internal_value=0.000561088 0.0139517 -0.00949764 0.00703535 0.00985491 0.015111 0.02682 -0.0131711 -0.0105844 -0.00544259 -0.029302 0.00331716 -0.00302353 0.0155756 -0.0249581 -0.0144478 0.0359546 -0.0173467 -0.0334954 -0.00183468 0.047376 0.0507934 -0.0426616
internal_weight=551.205 236.276 314.929 199.933 186.967 154.032 28.3498 286.579 263.615 207.818 55.7972 99.1112 80.8646 35.1429 67.3413 32.9349 54.9204 45.7217 51.1275 140.477 33.9988 36.343 32.9822
internal_count=2244 960 1284 813 760 626 115 1169 1075 847 228 403 329 143 275 134 223 186 209 572 138 147 135
is_linear=0
shrinkage=0.03


Tree=2
num_leaves=31
num_cat=0
split_feature=19 38 4 39 50 5 4 30 20 48 19 0 22 50 48 48 4 19 6 34 0 0 6 47 42 31 30 31 27 4
split_gain=53.7622 82.6473 63.8045 51.7763 47.2262 37.8334 58.3697 35.2412 37.7837 32.8624 29.6412 26.4466 20.1736 19.9248 19.3913 18.8743 19.8931 17.4899 17.2663 14.0721 10.4365 9.4478 9.36735 8.82374 8.50331 7.06619 7.03938 3.05543 1.97129 0.335651
threshold=12.382288052401925 -0.00047810023573953436 0.00092550000000000011 -0.00038826024990234537 0.80151422350256996 -0.00044934684984398332 0.00057050000000000015 0.61040000000000016 1.5985000000000003 1.2499999999999997e-05 12.045680834853693 181.50000000000003 0.0055000000000000005 0.094196501141385156 -0.00015349999999999996 0.0003655000000000001 0.0010325000000000002 10.626338660788937 0.69500000000000006 0.33390000000000003 173.50000000000003 241.50000000000003 0.83500000000000008 3.9675061576278063e-06 -0.0026653339933080202 0.13195000000000004 0.22420000000000004 0.12810000000000002 6.0342007049269357 0.00073150000000000005
decision_type=2 2 2 2 2 2 2 2 2 2 2 2 2 2 2 2 2 2 2 2 2 2 2 2 2 2 2 2 2 2
left_child=2 -2 3 26 14 6 -5 9 27 12 11 -10 18 -8 21 24 -17 -11 -7 -3 -19 -4 -13 -21 -16 -15 -1 -9 -26 -27
right_child=1 19 4 5 -6 7 13 8 10 17 -12 22 -14 25 15 16 -18 20 -20 23 -22 -23 -24 -25 28 29 -28 -29 -30 -31
leaf_value=0.029173863758913933 0.047347662822279708 -0.045476348429806489 0.013680832071479973 -0.01538346528067651 0.039533886111380367 -0.029072023210030232 0.010218611515126888 0.039159701483196988 0.039159701483196988 0.030522885864474429 -0.02668687734935753 0.012235558967784851 -0.041793886491906185 0.025951164833244732 -0.014080190336779857 -0.028381911997151274 0.020222788344667137 0.011010650678785332 0.016930228935795311 -0.029619763524915649 -0.022227929271209295 -0.018436765659869622 -0.020287012271069219 -8.7139933923140558e-05 -0.029001446445337836 0.043519711076779141 0.062409012568185221 0.053894020761831377 -0.048574346606963179 0.06174498049138983
leaf_weight=13.331022411584856 12.833756715059279 37.662550613284111 19.145003139972687 24.686682254076004 12.797163233160971 13.963668793439867 18.186688333749771 14.5083722025156 15.733032941818236 17.204010516405106 22.818535685539246 16.729792788624767 31.826635763049126 13.567775204777716 12.751450702548025 15.928452610969545 12.783523350954054 15.723966628313063 13.497369974851607 24.318042755126953 16.429976209998131 12.952797278761862 13.498796626925467 14.228037253022192 12.727027520537375 17.302572697401047 16.261813670396805 18.729909151792526 29.329103693366051 19.30234606564045
leaf_count=54 52 155 78 101 52 57 74 59 64 70 93 68 130 55 52 65 52 64 55 99 67 53 55 58 52 70 66 76 120 78
internal_value=0.000614885 -0.0205956 0.004741 0.0116559 -0.0131581 0.00788032 0.0237017 0.00081337 0.0134087 -0.0110281 0.000581613 0.0143996 -0.0259014 0.0378349 -0.0192794 -0.0268182 -0.0067892 0.00699688 -0.00666105 -0.0325025 -0.00613171 0.000554597 -0.0024722 -0.0189966 -0.0370011 0.0474499 0.0488802 0.0391597 -0.0434623 0.0545166
internal_weight=550.76 89.0424 461.717 333.303 128.415 303.71 93.0461 210.664 102.018 108.646 68.7802 45.9616 59.2877 68.3594 115.617 83.5196 28.712 49.358 27.461 76.2086 32.1539 32.0978 30.2286 38.5461 54.8076 50.1727 29.5928 33.2383 42.0561 36.6049
internal_count=2244 364 1880 1356 524 1236 378 858 415 443 280 187 242 277 472 341 117 201 112 312 131 131 123 157 224 203 120 135 172 148
is_linear=0
shrinkage=0.03


Tree=3
num_leaves=30
num_cat=0
split_feature=19 38 4 50 48 30 47 2 34 4 51 48 48 4 51 5 4 5 33 47 27 36 22 51 51 34 28 0 30
split_gain=50.7764 78.1849 60.1453 44.5997 35.3828 56.0407 30.2083 22.0842 45.7001 21.126 19.6819 18.4148 18.0346 18.1286 17.557 38.3647 20.1223 30.8687 14.7153 10.2694 9.33374 9.11329 8.67231 8.6637 7.20845 5.23596 4.09132 2.65548 1.64815
threshold=12.382288052401925 -0.00047810023573953436 0.00092550000000000011 0.80151422350256996 1.4999999999999987e-05 0.62075000000000002 -8.0899164792901261e-06 2.5000000000000002e-06 0.31480000000000002 0.00057550000000000017 0.14789025163358002 -0.00015349999999999996 0.00037450000000000005 0.0010315000000000001 0.095319921209410144 -0.00044934684984398332 0.00056350000000000009 -7.8681638311538541e-05 -0.20634999999999995 3.9675061576278063e-06 6.2833028671237541 0.045550000000000007 0.0055000000000000005 0.38689961735194112 0.30804850660032118 0.34250000000000008 6.3932060371568413 239.50000000000003 0.38950000000000007
decision_type=2 2 2 2 2 2 2 2 2 2 2 2 2 2 2 2 2 2 2 2 2 2 2 2 2 2 2 2 2
left_child=2 -2 4 11 5 6 9 -7 21 -1 -10 20 24 -14 26 25 17 -17 19 -3 -4 -9 -8 -18 28 -16 -6 -24 -13
right_child=1 18 3 -5 14 7 22 8 10 -11 -12 12 13 -15 15 16 23 -19 -20 -21 -22 -23 27 -25 -26 -27 -28 -29 -30
leaf_value=-0.013046165776850905 0.045830875961544136 -0.028881628865789297 0.01588541095500072 0.038273091761586497 -0.016022056530055614 0.051212053879588541 -0.01185693457009184 -0.034370688807762707 0.013593590617213951 0.028769680601458455 0.056893294601329442 -0.028312546452129037 -0.028870752315005868 0.018067118133962421 0.030982649522509367 -6.9884973711381704e-05 -6.9884973711381704e-05 0.05015067076561977 -0.044694138055082371 0.0034971941731511444 -0.015515022823029346 0.00047495760899990424 -0.022128004746388673 0.022196836229632116 -0.015205730964204078 0.057581591768422043 -6.9884973711381704e-05 -0.042812076545471457 -0.046759015374982831
leaf_weight=22.269394412636757 12.892881840467451 24.218422383069992 16.408559873700142 12.854199692606924 13.469936400651934 16.043724328279495 23.755125910043716 13.244244962930681 22.629545301198959 19.500754281878471 16.352984994649887 12.659259572625158 14.153343394398691 13.546470403671263 14.35290516912937 18.412203937768936 25.802146777510643 24.218259021639824 38.337961852550507 13.250096142292021 15.686827436089514 12.796325355768202 12.689711630344389 14.767116352915762 13.427039206027983 28.063908264040947 13.533600240945814 21.661500424146652 29.392171904444695
leaf_count=91 52 99 67 52 55 65 97 54 92 79 66 52 58 55 58 75 105 98 159 54 64 52 52 60 55 113 55 89 121
internal_value=0.000592092 -0.0200667 0.00459581 -0.012809 0.0112996 0.00229678 -0.0126928 0.020694 0.0125024 0.00669214 0.0327263 -0.0187853 -0.0261574 -0.0060863 0.0218888 0.0265725 0.0144334 0.0285835 -0.0317251 -0.0176382 0.000533175 -0.0178632 -0.0265053 -6.9885e-05 -0.0358935 0.049502 -6.9885e-05 -0.0360132 -0.0419925
internal_weight=550.391 88.6994 461.691 128.128 333.563 180.943 99.8765 81.0668 65.0231 41.7701 38.9825 115.274 83.1783 27.6998 152.62 125.617 83.1997 42.6305 75.8065 37.4685 32.0954 26.0406 58.1063 40.5693 55.4785 42.4168 27.0035 34.3512 42.0514
internal_count=2244 364 1880 524 1356 737 408 329 264 170 158 472 341 113 619 509 338 173 312 153 131 106 238 165 228 171 110 141 173
is_linear=0
shrinkage=0.03


Tree=4
num_leaves=27
num_cat=0
split_feature=19 38 19 39 34 6 8 50 43 3 48 21 2 33 24 0 6 0 47 50 43 27 43 41 2 39
split_gain=47.9701 74.0161 45.6692 34.3327 45.6727 41.1451 31.0847 33.4215 28.5293 25.0253 37.3419 20.542 14.2379 14.1457 12.2545 23.8782 12.19 10.1022 9.75014 9.59693 9.35441 7.75808 7.21711 5.24764 3.3879 0.175628
threshold=12.382288052401925 -0.00047810023573953436 10.962631079107965 -0.00037729608323141666 0.31480000000000002 0.16500000000000004 0.01 0.81450684924420613 -0.0039984005650358046 -0.0011584999999999998 9.4999999999999887e-06 0.0055000000000000005 0.00010550000000000002 -0.20634999999999995 0.23500000000000001 157.50000000000003 0.81500000000000006 146.50000000000003 3.9675061576278063e-06 0.72333168883469001 0.0039996001089641032 6.1665618308999965 0.0078942177441625235 0.00198629458593505 0.00028650000000000003 -0.00026267169315830931
decision_type=2 2 2 2 2 2 2 2 2 2 2 2 2 2 2 2 2 2 2 2 2 2 2 2 2 2
left_child=2 -2 9 16 12 -6 14 8 -8 -1 11 19 -5 18 15 -7 -4 -14 -3 -11 -12 -19 -10 -9 -13 -15
right_child=1 13 3 4 5 6 7 23 22 10 20 24 17 25 -16 -17 -18 21 -20 -21 -22 -23 -24 -25 -26 -27
leaf_value=-0.043911530693903883 0.044412582129832685 -0.028170546103320447 0.019388643961655343 -0.010021478553549791 0.052140271594480633 -0.010021478553549791 0.023109175773617711 0.038548671125511275 -0.010021478553549791 -0.017150385712014309 0.0049049992198223064 -0.023286619308137108 -0.046698317139815655 -0.047736900552565985 0.052497487829354823 0.037015529847138566 0.060026101853124715 -0.010021478553549791 0.0033981290994704997 0.017296360388455976 0.034576933774693938 -0.03212855501505435 0.012030991219169875 0.023109175773617711 -0.045075197598532936 -0.032670000897145127
leaf_weight=17.261554509401321 12.936694100499151 24.111712828278542 14.324580609798433 48.864961922168732 22.575960651040077 13.146691709756849 21.150807708501816 21.052849605679512 55.751218229532242 14.165088802576067 24.589207321405411 16.559514328837395 14.387394830584524 25.560527756810188 14.596443280577658 24.003208637237549 14.179060608148573 17.166798278689384 13.256339654326437 12.999289885163305 15.076999455690382 16.373116388916969 19.250397816300392 26.610231071710587 17.435375019907951 12.439769327640532
leaf_count=71 52 99 58 199 91 54 86 85 229 58 100 68 59 107 59 97 57 70 54 53 61 67 78 108 72 52
internal_value=0.000568496 -0.0195621 0.00445415 0.00998292 0.00705913 0.0146493 0.010078 0.00283228 -0.00735345 -0.011574 -0.00566088 -0.0202356 -0.0100215 -0.0309809 0.0297802 0.0197123 0.040953 -0.0262681 -0.0171749 -0.000637343 0.0167561 -0.016406 -0.0100215 0.0231092 -0.0354303 -0.0437688
internal_weight=549.826 88.305 461.521 343.434 314.93 218.138 195.562 143.816 96.1524 118.087 100.825 61.1593 96.7923 75.3683 51.7463 37.1499 28.5036 47.9273 37.3681 27.1644 39.6662 33.5399 75.0016 47.6631 33.9949 38.0003
internal_count=2244 364 1880 1397 1282 887 796 586 393 483 412 251 395 312 210 151 115 196 153 111 161 137 307 193 140 159
is_linear=0
shrinkage=0.03


Tree=5
num_leaves=28
num_cat=0
split_feature=46 6 31 19 35 46 5 30 19 50 6 4 43 43 4 46 6 47 5 30 47 5 30 0 47 43 5
split_gain=64.5183 60.747 32.384 22.9 34.0059 25.3064 25.1593 22.0715 54.7797 40.6208 34.8231 21.2497 17.3456 26.1778 14.5944 11.5755 11.1122 10.0048 9.44154 8.80419 8.04889 7.55733 5.76503 11.0818 4.6975 2.88419 1.87299
threshold=1312.1161984117373 0.18500000000000003 0.37080000000000007 12.388290028529996 18.500000000000004 1570.2000414193546 -7.8681638311538541e-05 0.64750000000000008 12.36002473185899 0.81758121833926445 0.90500000000000014 0.00071050000000000009 -0.0039948067864962805 0.0079705092423687455 0.0006485000000000001 943.76049901086697 0.76500000000000012 0.00021952041145507361 0.00066542400081185868 0.35655000000000009 1.2258525325549525e-05 0.00082243912546654167 0.35850000000000004 185.50000000000003 6.8143832493769302e-05 0.0059952038986297975 0.00055447538050700386
decision_type=2 2 2 2 2 2 2 2 2 2 2 2 2 2 2 2 2 2 2 2 2 2 2 2 2 2 2
left_child=2 25 7 4 5 6 19 12 9 10 21 -7 15 22 26 -1 -5 -8 -10 -3 -13 -9 23 -14 -24 -2 -6
right_child=1 3 -4 16 14 11 17 8 18 -11 -12 20 13 -15 -16 -17 -18 -19 -20 -21 -22 -23 24 -25 -26 -27 -28
leaf_value=-0.024019034987526278 0.052580023792804728 -0.023396275722401407 0.023216891079032433 -0.00084649545260319598 0.031953009412169234 0.00980307886064395 0.022378865113754188 -0.012078805225757421 -0.015022486611423512 0.023216891079032433 0.023216891079032433 -0.047558897663012474 -0.035451476546671627 0.0038738236135928959 0.022378865113754188 0.010418946124991103 -0.039993675427762027 -3.8670486507604257e-05 -0.046360081355577731 0.0077168244718251308 -0.014866255936039983 -0.043891360383415179 -0.047450490845471434 -0.00086853984756902688 -0.023828381670815517 0.030816532502360734 0.053819596323372944
leaf_weight=12.857135504484175 24.656749710440636 19.317863300442696 24.472430199384689 12.716493457555773 13.644877165555956 15.494398072361944 33.633365944027901 13.691824018955232 17.311111390590668 39.763712123036385 12.774658411741255 15.16215229034424 23.463997051119804 20.376411765813828 36.91671684384346 23.026290073990822 12.50167143344879 17.914017498493195 19.61584410071373 13.051677182316778 13.923791468143461 14.514639586210249 33.057650506496429 12.729814708232878 14.23297832906246 14.677643164992331 14.682068333029745
leaf_count=53 99 79 99 52 55 63 136 56 72 161 52 62 97 83 150 94 52 73 83 53 57 60 137 52 59 59 59
internal_value=0.000775169 0.0115832 -0.00913414 0.00532502 0.00884704 -0.000152871 0.00952723 -0.0122877 -0.00267458 0.0111742 -0.0109309 -0.0181837 -0.0203059 -0.0264677 0.0263071 -0.00223695 -0.0210386 0.0223789 -0.0324527 -0.0109959 -0.0329229 -0.0293914 -0.0338315 -0.0236386 -0.0409816 0.0454243 0.0447353
internal_weight=540.182 258.293 281.888 218.959 193.741 128.497 83.9169 257.416 117.672 80.7448 40.9811 44.5803 139.744 103.861 65.2437 35.8834 25.2182 51.5474 36.927 32.3695 29.0859 28.2065 83.4844 36.1938 47.2906 39.3344 28.3269
internal_count=2207 1049 1158 891 787 523 341 1059 484 329 168 182 575 428 264 147 104 209 155 132 119 116 345 149 196 158 114
is_linear=0
shrinkage=0.03


Tree=6
num_leaves=31
num_cat=0
split_feature=46 6 27 39 46 41 41 50 20 49 5 5 0 2 2 6 7 5 4 7 24 16 38 41 4 24 35 43 45 48
split_gain=60.6218 57.1916 31.6109 21.9025 30.1548 19.5168 25.9618 23.1361 38.2849 17.9297 18.4211 22.035 18.5684 23.1696 17.7905 22.9971 15.3516 16.2083 22.7308 13.8115 13.3719 11.992 11.3962 7.95054 5.6832 5.3634 5.0604 2.69834 2.5295 1.66514
threshold=1312.1161984117373 0.18500000000000003 3.2859594200993185 -0.00039059406138176916 811.57349494647485 0.0020002000255063515 -0.0080832582347641433 0.82721844128569988 1.6945000000000003 1.8805438697131164e-05 -0.00082792001134979437 -0.00046325583314073932 130.50000000000003 0.00032950000000000004 0.00050500000000000013 0.81500000000000006 0.89500000000000013 0.0007948473419736046 0.00066550000000000018 0.79500000000000015 0.23500000000000001 0.2481988110015759 0.00035465198960705368 0.0079984004358564318 0.0006575000000000001 0.23500000000000001 20.500000000000004 0.0059952038986297975 -0.0039914849174479518 -0.00015849999999999998
decision_type=2 2 2 2 2 2 2 2 2 2 2 2 2 2 2 2 2 2 2 2 2 2 2 2 2 2 2 2 2 2
left_child=2 27 -1 4 -4 6 -5 25 -9 10 -3 26 -13 19 -15 -16 17 18 22 20 -14 -22 -7 -11 -21 28 -12 -2 -8 -10
right_child=1 9 3 5 -6 16 7 8 29 23 11 12 13 14 15 -17 -18 -19 -20 24 21 -23 -24 -25 -26 -27 -28 -29 -30 -31
leaf_value=0.03390089875448915 0.050968033787580733 -0.021412880089679922 -0.018947763792740265 0.01046035446446095 0.038446404105046038 -0.029014610647266278 -0.026375665137764581 0.033868425951171427 -0.026375665137764581 -0.027233594109422544 0.020976963244468978 -0.021991870502654651 -0.013959753871779414 -0.033231283776253617 -0.017023567209819384 0.032455544575629873 0.021646985622422607 -0.038237523663556455 0.024973222257873729 0.049115752900845619 0.033051434746710566 -0.0023294875358679315 0.0054431109934633612 0.0024535069174881352 0.020483665484604667 -0.026375665137764581 0.048188000630297344 0.029910166099318146 -0.043033526145631419 -0.013622998550213712
leaf_weight=13.813618421554564 24.704287499189377 15.73480239510536 14.483630582690241 20.396451264619827 16.806514382362366 21.115709185600281 13.280166521668432 13.259186461567877 15.015582814812658 18.844717219471931 15.378606900572779 16.952588334679604 13.790820449590681 13.952586546540259 17.145390957593918 14.883762180805205 17.514568507671356 12.766735851764677 17.93085053563118 15.201713040471079 22.222370773553848 13.514664545655249 13.724770814180372 13.480970054864882 14.080625489354132 30.761664122343063 13.711052000522612 14.698706001043318 47.748157054185867 12.492544278502466
leaf_count=56 99 65 60 83 68 87 55 54 63 78 62 70 56 57 70 60 72 53 73 61 90 55 56 55 57 127 55 59 199 52
internal_value=0.000775036 0.0112446 -0.00885062 -0.0111781 0.0121157 -0.0143045 -0.0206288 -0.0254549 -0.00644007 0.00516628 0.00874853 0.011635 0.00663299 0.0106655 -0.0061785 0.00625559 -0.00255063 -0.00924541 -0.0016508 0.0204474 0.0104347 0.0199722 -0.0156675 -0.0151509 0.0364789 -0.0337397 0.0349778 0.0440474 -0.0394201 -0.0263757
internal_weight=539.408 258.298 281.11 267.297 31.2901 236.006 152.954 132.557 40.7673 218.895 186.569 170.834 141.745 124.792 45.9817 32.0292 83.0526 65.5381 52.7713 78.8102 49.5279 35.737 34.8405 32.3257 29.2823 91.79 29.0897 39.403 61.0283 27.5081
internal_count=2207 1049 1158 1102 128 974 633 550 169 891 758 693 576 506 187 130 341 269 216 319 201 145 143 133 118 381 117 158 254 115
is_linear=0
shrinkage=0.03


end of trees

feature_importances:
Column_4=20
Column_5=12
Column_6=12
Column_19=10
Column_38=10
Column_48=9
Column_0=8
Column_30=8
Column_43=8
Column_46=8
Column_41=7
Column_47=7
Column_50=7
Column_2=5
Column_3=5
Column_27=5
Column_31=5
Column_33=5
Column_39=5
Column_34=4
Column_42=4
Column_51=4
Column_24=3
Column_7=2
Column_11=2
Column_20=2
Column_22=2
Column_35=2
Column_49=2
Column_8=1
Column_16=1
Column_21=1
Column_28=1
Column_36=1
Column_45=1

parameters:
[boosting: gbdt]
[objective: binary]
[metric: binary_logloss]
[tree_learner: serial]
[device_type: cpu]
[data_sample_strategy: bagging]
[data: ]
[valid: ]
[num_iterations: 7]
[learning_rate: 0.03]
[num_leaves: 31]
[num_threads: 0]
[seed: 0]
[deterministic: 0]
[force_col_wise: 0]
[force_row_wise: 0]
[histogram_pool_size: -1]
[max_depth: -1]
[min_data_in_leaf: 52]
[min_sum_hessian_in_leaf: 0.001]
[bagging_fraction: 0.85]
[pos_bagging_fraction: 1]
[neg_bagging_fraction: 1]
[bagging_freq: 5]
[bagging_seed: 3]
[bagging_by_query: 0]
[feature_fraction: 0.85]
[feature_fraction_bynode: 1]
[feature_fraction_seed: 2]
[extra_trees: 0]
[extra_seed: 6]
[early_stopping_round: 0]
[early_stopping_min_delta: 0]
[first_metric_only: 0]
[max_delta_step: 0]
[lambda_l1: 0]
[lambda_l2: 1]
[linear_lambda: 0]
[min_gain_to_split: 0]
[drop_rate: 0.1]
[max_drop: 50]
[skip_drop: 0.5]
[xgboost_dart_mode: 0]
[uniform_drop: 0]
[drop_seed: 4]
[top_rate: 0.2]
[other_rate: 0.1]
[min_data_per_group: 100]
[max_cat_threshold: 32]
[cat_l2: 10]
[cat_smooth: 10]
[max_cat_to_onehot: 4]
[top_k: 20]
[monotone_constraints: 0,0,0,0,0,0,0,0,0,0,0,0,0,0,0,0,0,0,0,0,-1,-1,-1,0,0,0,-1,0,1,0,0,1,1,-1,1,1,1,0,0,0,-1,0,0,0,0,0,0,0,0,0,1,1]
[monotone_constraints_method: advanced]
[monotone_penalty: 0]
[feature_contri: ]
[forcedsplits_filename: ]
[refit_decay_rate: 0.9]
[cegb_tradeoff: 1]
[cegb_penalty_split: 0]
[cegb_penalty_feature_lazy: ]
[cegb_penalty_feature_coupled: ]
[path_smooth: 0]
[interaction_constraints: ]
[verbosity: -1]
[saved_feature_importance_type: 0]
[use_quantized_grad: 0]
[num_grad_quant_bins: 4]
[quant_train_renew_leaf: 0]
[stochastic_rounding: 1]
[linear_tree: 0]
[max_bin: 255]
[max_bin_by_feature: ]
[min_data_in_bin: 3]
[bin_construct_sample_cnt: 200000]
[data_random_seed: 1]
[is_enable_sparse: 1]
[enable_bundle: 1]
[use_missing: 1]
[zero_as_missing: 0]
[feature_pre_filter: 1]
[pre_partition: 0]
[two_round: 0]
[header: 0]
[label_column: ]
[weight_column: ]
[group_column: ]
[ignore_column: ]
[categorical_feature: ]
[forcedbins_filename: ]
[precise_float_parser: 0]
[parser_config_file: ]
[objective_seed: 5]
[num_class: 1]
[is_unbalance: 0]
[scale_pos_weight: 1]
[sigmoid: 1]
[boost_from_average: 1]
[reg_sqrt: 0]
[alpha: 0.9]
[fair_c: 1]
[poisson_max_delta_step: 0.7]
[tweedie_variance_power: 1.5]
[lambdarank_truncation_level: 30]
[lambdarank_norm: 1]
[label_gain: ]
[lambdarank_position_bias_regularization: 0]
[eval_at: ]
[multi_error_top_k: 1]
[auc_mu_weights: ]
[num_machines: 1]
[local_listen_port: 12400]
[time_out: 120]
[machine_list_filename: ]
[machines: ]
[gpu_platform_id: -1]
[gpu_device_id: -1]
[gpu_use_dp: 0]
[num_gpu: 1]

end of parameters

pandas_categorical:null
